mutcodon	mutaminoacid	WTaa	Mutation.type	ClinVar	cDNA..	pro..	GAACAATCAGTGGATTATAGACATAAGTTCTCCTTGCCTAGTGTGGATGGaCAGAAACGCTACACGTTTCGTGTTCGGAGCCGCTTTAACCCACTCTGTGGAAGTGCTCAGCATTGGAGTGAATGGAGCCACCCAATCCACTGGGGaAGCAATACTTCAAAAG	fold_change	fdr	fold_change_adj
AAA	K	E	Mis	NA	633	199	AAACAATCAGTGGATTATAGACATAAGTTCTCCTTGCCTAGTGTGGATGGACAGAAACGCTACACGTTTCGTGTTCGGAGCCGCTTTAACCCACTCTGTGGAAGTGCTCAGCATTGGAGTGAATGGAGCCACCCAATCCACTGGGGAAGCAATACTTCAAAAG	-13.9588542987653	0.0039640256103033	-13.6005410351642
CAA	Q	E	Mis	NA	633	199	CAACAATCAGTGGATTATAGACATAAGTTCTCCTTGCCTAGTGTGGATGGACAGAAACGCTACACGTTTCGTGTTCGGAGCCGCTTTAACCCACTCTGTGGAAGTGCTCAGCATTGGAGTGAATGGAGCCACCCAATCCACTGGGGAAGCAATACTTCAAAAG	-0.314937393639608	0.960172564913837	0.043375869961465
TAA	*	E	Non	NA	633	199	TAACAATCAGTGGATTATAGACATAAGTTCTCCTTGCCTAGTGTGGATGGACAGAAACGCTACACGTTTCGTGTTCGGAGCCGCTTTAACCCACTCTGTGGAAGTGCTCAGCATTGGAGTGAATGGAGCCACCCAATCCACTGGGGAAGCAATACTTCAAAAG	-13.5916400517871	0.00634069234342577	-13.233326788186
GCA	A	E	Mis	NA	634	199	GCACAATCAGTGGATTATAGACATAAGTTCTCCTTGCCTAGTGTGGATGGACAGAAACGCTACACGTTTCGTGTTCGGAGCCGCTTTAACCCACTCTGTGGAAGTGCTCAGCATTGGAGTGAATGGAGCCACCCAATCCACTGGGGAAGCAATACTTCAAAAG	-9.97391498737339	0.725793992575118	-9.61560172377232
GGA	G	E	Mis	NA	634	199	GGACAATCAGTGGATTATAGACATAAGTTCTCCTTGCCTAGTGTGGATGGACAGAAACGCTACACGTTTCGTGTTCGGAGCCGCTTTAACCCACTCTGTGGAAGTGCTCAGCATTGGAGTGAATGGAGCCACCCAATCCACTGGGGAAGCAATACTTCAAAAG	0.716829379995455	0.699844553170924	1.07514264359653
GTA	V	E	Mis	NA	634	199	GTACAATCAGTGGATTATAGACATAAGTTCTCCTTGCCTAGTGTGGATGGACAGAAACGCTACACGTTTCGTGTTCGGAGCCGCTTTAACCCACTCTGTGGAAGTGCTCAGCATTGGAGTGAATGGAGCCACCCAATCCACTGGGGAAGCAATACTTCAAAAG	-0.206320308432824	0.989093572856611	0.151992955168249
GAC	D	E	Mis	VUS	635	199	GACCAATCAGTGGATTATAGACATAAGTTCTCCTTGCCTAGTGTGGATGGACAGAAACGCTACACGTTTCGTGTTCGGAGCCGCTTTAACCCACTCTGTGGAAGTGCTCAGCATTGGAGTGAATGGAGCCACCCAATCCACTGGGGAAGCAATACTTCAAAAG	-1.49403048916141	0.570769802143011	-1.13571722556034
GAG	E	E	Syn	NA	635	199	GAGCAATCAGTGGATTATAGACATAAGTTCTCCTTGCCTAGTGTGGATGGACAGAAACGCTACACGTTTCGTGTTCGGAGCCGCTTTAACCCACTCTGTGGAAGTGCTCAGCATTGGAGTGAATGGAGCCACCCAATCCACTGGGGAAGCAATACTTCAAAAG	-1.38497227311474	0.610117296447083	-1.02665900951367
GAT	D	E	Mis	NA	635	199	GATCAATCAGTGGATTATAGACATAAGTTCTCCTTGCCTAGTGTGGATGGACAGAAACGCTACACGTTTCGTGTTCGGAGCCGCTTTAACCCACTCTGTGGAAGTGCTCAGCATTGGAGTGAATGGAGCCACCCAATCCACTGGGGAAGCAATACTTCAAAAG	-0.461538988023592	0.889373375043959	-0.103225724422519
AAA	K	Q	Mis	NA	636	200	GAAAAATCAGTGGATTATAGACATAAGTTCTCCTTGCCTAGTGTGGATGGACAGAAACGCTACACGTTTCGTGTTCGGAGCCGCTTTAACCCACTCTGTGGAAGTGCTCAGCATTGGAGTGAATGGAGCCACCCAATCCACTGGGGAAGCAATACTTCAAAAG	-1.31782819914787	0.642036732706007	-0.959514935546797
GAA	E	Q	Mis	NA	636	200	GAAGAATCAGTGGATTATAGACATAAGTTCTCCTTGCCTAGTGTGGATGGACAGAAACGCTACACGTTTCGTGTTCGGAGCCGCTTTAACCCACTCTGTGGAAGTGCTCAGCATTGGAGTGAATGGAGCCACCCAATCCACTGGGGAAGCAATACTTCAAAAG	-13.6294955151893	0.00665145688091583	-13.2711822515882
TAA	*	Q	Non	NA	636	200	GAATAATCAGTGGATTATAGACATAAGTTCTCCTTGCCTAGTGTGGATGGACAGAAACGCTACACGTTTCGTGTTCGGAGCCGCTTTAACCCACTCTGTGGAAGTGCTCAGCATTGGAGTGAATGGAGCCACCCAATCCACTGGGGAAGCAATACTTCAAAAG	-13.5503597628492	0.00749890755217033	-13.1920464992481
CCA	P	Q	Mis	NA	637	200	GAACCATCAGTGGATTATAGACATAAGTTCTCCTTGCCTAGTGTGGATGGACAGAAACGCTACACGTTTCGTGTTCGGAGCCGCTTTAACCCACTCTGTGGAAGTGCTCAGCATTGGAGTGAATGGAGCCACCCAATCCACTGGGGAAGCAATACTTCAAAAG	-13.6988809872067	0.00586678704108827	-13.3405677236056
CGA	R	Q	Mis	NA	637	200	GAACGATCAGTGGATTATAGACATAAGTTCTCCTTGCCTAGTGTGGATGGACAGAAACGCTACACGTTTCGTGTTCGGAGCCGCTTTAACCCACTCTGTGGAAGTGCTCAGCATTGGAGTGAATGGAGCCACCCAATCCACTGGGGAAGCAATACTTCAAAAG	-1.69044130690535	0.482690075438003	-1.33212804330428
CTA	L	Q	Mis	NA	637	200	GAACTATCAGTGGATTATAGACATAAGTTCTCCTTGCCTAGTGTGGATGGACAGAAACGCTACACGTTTCGTGTTCGGAGCCGCTTTAACCCACTCTGTGGAAGTGCTCAGCATTGGAGTGAATGGAGCCACCCAATCCACTGGGGAAGCAATACTTCAAAAG	-13.6037508898861	0.00720905393051836	-13.245437626285
CAC	H	Q	Mis	Benign	638	200	GAACACTCAGTGGATTATAGACATAAGTTCTCCTTGCCTAGTGTGGATGGACAGAAACGCTACACGTTTCGTGTTCGGAGCCGCTTTAACCCACTCTGTGGAAGTGCTCAGCATTGGAGTGAATGGAGCCACCCAATCCACTGGGGAAGCAATACTTCAAAAG	2.28693896327802	0.0147059568616618	2.64525222687909
CAG	Q	Q	Syn	NA	638	200	GAACAGTCAGTGGATTATAGACATAAGTTCTCCTTGCCTAGTGTGGATGGACAGAAACGCTACACGTTTCGTGTTCGGAGCCGCTTTAACCCACTCTGTGGAAGTGCTCAGCATTGGAGTGAATGGAGCCACCCAATCCACTGGGGAAGCAATACTTCAAAAG	-13.6326815298299	0.00614568005708904	-13.2743682662288
CAT	H	Q	Mis	NA	638	200	GAACATTCAGTGGATTATAGACATAAGTTCTCCTTGCCTAGTGTGGATGGACAGAAACGCTACACGTTTCGTGTTCGGAGCCGCTTTAACCCACTCTGTGGAAGTGCTCAGCATTGGAGTGAATGGAGCCACCCAATCCACTGGGGAAGCAATACTTCAAAAG	-13.1096238226881	0.0149114280167261	-12.751310559087
ACA	T	S	Mis	NA	639	201	GAACAAACAGTGGATTATAGACATAAGTTCTCCTTGCCTAGTGTGGATGGACAGAAACGCTACACGTTTCGTGTTCGGAGCCGCTTTAACCCACTCTGTGGAAGTGCTCAGCATTGGAGTGAATGGAGCCACCCAATCCACTGGGGAAGCAATACTTCAAAAG	-0.928315931318455	0.648511653358307	-0.570002667717382
CCA	P	S	Mis	NA	639	201	GAACAACCAGTGGATTATAGACATAAGTTCTCCTTGCCTAGTGTGGATGGACAGAAACGCTACACGTTTCGTGTTCGGAGCCGCTTTAACCCACTCTGTGGAAGTGCTCAGCATTGGAGTGAATGGAGCCACCCAATCCACTGGGGAAGCAATACTTCAAAAG	-14.2551527624653	0.00260623562780619	-13.8968394988642
GCA	A	S	Mis	NA	639	201	GAACAAGCAGTGGATTATAGACATAAGTTCTCCTTGCCTAGTGTGGATGGACAGAAACGCTACACGTTTCGTGTTCGGAGCCGCTTTAACCCACTCTGTGGAAGTGCTCAGCATTGGAGTGAATGGAGCCACCCAATCCACTGGGGAAGCAATACTTCAAAAG	-1.54561619047533	0.560338976608241	-1.18730292687426
TAA	*	S	Non	NA	640	201	GAACAATAAGTGGATTATAGACATAAGTTCTCCTTGCCTAGTGTGGATGGACAGAAACGCTACACGTTTCGTGTTCGGAGCCGCTTTAACCCACTCTGTGGAAGTGCTCAGCATTGGAGTGAATGGAGCCACCCAATCCACTGGGGAAGCAATACTTCAAAAG	-13.7774719092149	0.00504192924681961	-13.4191586456138
TGA	*	S	Non	X-SCID	640	201	GAACAATGAGTGGATTATAGACATAAGTTCTCCTTGCCTAGTGTGGATGGACAGAAACGCTACACGTTTCGTGTTCGGAGCCGCTTTAACCCACTCTGTGGAAGTGCTCAGCATTGGAGTGAATGGAGCCACCCAATCCACTGGGGAAGCAATACTTCAAAAG	-13.4645881345972	0.00878964717170783	-13.1062748709961
TTA	L	S	Mis	NA	640	201	GAACAATTAGTGGATTATAGACATAAGTTCTCCTTGCCTAGTGTGGATGGACAGAAACGCTACACGTTTCGTGTTCGGAGCCGCTTTAACCCACTCTGTGGAAGTGCTCAGCATTGGAGTGAATGGAGCCACCCAATCCACTGGGGAAGCAATACTTCAAAAG	-13.8059745388027	0.0051372571096554	-13.4476612752016
TCC	S	S	Syn	NA	641	201	GAACAATCCGTGGATTATAGACATAAGTTCTCCTTGCCTAGTGTGGATGGACAGAAACGCTACACGTTTCGTGTTCGGAGCCGCTTTAACCCACTCTGTGGAAGTGCTCAGCATTGGAGTGAATGGAGCCACCCAATCCACTGGGGAAGCAATACTTCAAAAG	-0.339565958553799	0.960172564913837	0.018747305047274
TCG	S	S	Syn	NA	641	201	GAACAATCGGTGGATTATAGACATAAGTTCTCCTTGCCTAGTGTGGATGGACAGAAACGCTACACGTTTCGTGTTCGGAGCCGCTTTAACCCACTCTGTGGAAGTGCTCAGCATTGGAGTGAATGGAGCCACCCAATCCACTGGGGAAGCAATACTTCAAAAG	-14.0908003071097	0.00305547497498302	-13.7324870435086
TCT	S	S	Syn	NA	641	201	GAACAATCTGTGGATTATAGACATAAGTTCTCCTTGCCTAGTGTGGATGGACAGAAACGCTACACGTTTCGTGTTCGGAGCCGCTTTAACCCACTCTGTGGAAGTGCTCAGCATTGGAGTGAATGGAGCCACCCAATCCACTGGGGAAGCAATACTTCAAAAG	-1.58827687687001	0.52043424797099	-1.22996361326894
ATG	M	V	Mis	NA	642	202	GAACAATCAATGGATTATAGACATAAGTTCTCCTTGCCTAGTGTGGATGGACAGAAACGCTACACGTTTCGTGTTCGGAGCCGCTTTAACCCACTCTGTGGAAGTGCTCAGCATTGGAGTGAATGGAGCCACCCAATCCACTGGGGAAGCAATACTTCAAAAG	-0.863148041045229	0.683186627609325	-0.504834777444156
CTG	L	V	Mis	NA	642	202	GAACAATCACTGGATTATAGACATAAGTTCTCCTTGCCTAGTGTGGATGGACAGAAACGCTACACGTTTCGTGTTCGGAGCCGCTTTAACCCACTCTGTGGAAGTGCTCAGCATTGGAGTGAATGGAGCCACCCAATCCACTGGGGAAGCAATACTTCAAAAG	-2.2562031348665	0.188934102346971	-1.89788987126543
TTG	L	V	Mis	NA	642	202	GAACAATCATTGGATTATAGACATAAGTTCTCCTTGCCTAGTGTGGATGGACAGAAACGCTACACGTTTCGTGTTCGGAGCCGCTTTAACCCACTCTGTGGAAGTGCTCAGCATTGGAGTGAATGGAGCCACCCAATCCACTGGGGAAGCAATACTTCAAAAG	-13.9671711304423	0.00375096266861081	-13.6088578668412
GAG	E	V	Mis	NA	643	202	GAACAATCAGAGGATTATAGACATAAGTTCTCCTTGCCTAGTGTGGATGGACAGAAACGCTACACGTTTCGTGTTCGGAGCCGCTTTAACCCACTCTGTGGAAGTGCTCAGCATTGGAGTGAATGGAGCCACCCAATCCACTGGGGAAGCAATACTTCAAAAG	-1.51842068385794	0.565517990624726	-1.16010742025687
GCG	A	V	Mis	NA	643	202	GAACAATCAGCGGATTATAGACATAAGTTCTCCTTGCCTAGTGTGGATGGACAGAAACGCTACACGTTTCGTGTTCGGAGCCGCTTTAACCCACTCTGTGGAAGTGCTCAGCATTGGAGTGAATGGAGCCACCCAATCCACTGGGGAAGCAATACTTCAAAAG	0.911537080425478	0.543327860379292	1.26985034402655
GGG	G	V	Mis	NA	643	202	GAACAATCAGGGGATTATAGACATAAGTTCTCCTTGCCTAGTGTGGATGGACAGAAACGCTACACGTTTCGTGTTCGGAGCCGCTTTAACCCACTCTGTGGAAGTGCTCAGCATTGGAGTGAATGGAGCCACCCAATCCACTGGGGAAGCAATACTTCAAAAG	-0.235914107467285	0.960172564913837	0.122399156133788
GTA	V	V	Syn	NA	644	202	GAACAATCAGTAGATTATAGACATAAGTTCTCCTTGCCTAGTGTGGATGGACAGAAACGCTACACGTTTCGTGTTCGGAGCCGCTTTAACCCACTCTGTGGAAGTGCTCAGCATTGGAGTGAATGGAGCCACCCAATCCACTGGGGAAGCAATACTTCAAAAG	-13.9321352646834	0.00434494173060408	-13.5738220010823
GTC	V	V	Syn	NA	644	202	GAACAATCAGTCGATTATAGACATAAGTTCTCCTTGCCTAGTGTGGATGGACAGAAACGCTACACGTTTCGTGTTCGGAGCCGCTTTAACCCACTCTGTGGAAGTGCTCAGCATTGGAGTGAATGGAGCCACCCAATCCACTGGGGAAGCAATACTTCAAAAG	-1.07264141044229	0.59045607325139	-0.714328146841217
GTT	V	V	Syn	NA	644	202	GAACAATCAGTTGATTATAGACATAAGTTCTCCTTGCCTAGTGTGGATGGACAGAAACGCTACACGTTTCGTGTTCGGAGCCGCTTTAACCCACTCTGTGGAAGTGCTCAGCATTGGAGTGAATGGAGCCACCCAATCCACTGGGGAAGCAATACTTCAAAAG	-14.2774240272107	0.00260623562780619	-13.9191107636096
AAT	N	D	Mis	VUS	645	203	GAACAATCAGTGAATTATAGACATAAGTTCTCCTTGCCTAGTGTGGATGGACAGAAACGCTACACGTTTCGTGTTCGGAGCCGCTTTAACCCACTCTGTGGAAGTGCTCAGCATTGGAGTGAATGGAGCCACCCAATCCACTGGGGAAGCAATACTTCAAAAG	-0.86443438153668	0.689853728820477	-0.506121117935607
CAT	H	D	Mis	NA	645	203	GAACAATCAGTGCATTATAGACATAAGTTCTCCTTGCCTAGTGTGGATGGACAGAAACGCTACACGTTTCGTGTTCGGAGCCGCTTTAACCCACTCTGTGGAAGTGCTCAGCATTGGAGTGAATGGAGCCACCCAATCCACTGGGGAAGCAATACTTCAAAAG	1.87374720532505	0.0247258379704577	2.23206046892612
TAT	Y	D	Mis	NA	645	203	GAACAATCAGTGTATTATAGACATAAGTTCTCCTTGCCTAGTGTGGATGGACAGAAACGCTACACGTTTCGTGTTCGGAGCCGCTTTAACCCACTCTGTGGAAGTGCTCAGCATTGGAGTGAATGGAGCCACCCAATCCACTGGGGAAGCAATACTTCAAAAG	-1.11172902997156	0.570769802143011	-0.753415766370487
GCT	A	D	Mis	NA	646	203	GAACAATCAGTGGCTTATAGACATAAGTTCTCCTTGCCTAGTGTGGATGGACAGAAACGCTACACGTTTCGTGTTCGGAGCCGCTTTAACCCACTCTGTGGAAGTGCTCAGCATTGGAGTGAATGGAGCCACCCAATCCACTGGGGAAGCAATACTTCAAAAG	-1.72143579938059	0.458774609286258	-1.36312253577952
GGT	G	D	Mis	NA	646	203	GAACAATCAGTGGGTTATAGACATAAGTTCTCCTTGCCTAGTGTGGATGGACAGAAACGCTACACGTTTCGTGTTCGGAGCCGCTTTAACCCACTCTGTGGAAGTGCTCAGCATTGGAGTGAATGGAGCCACCCAATCCACTGGGGAAGCAATACTTCAAAAG	-0.837439434157633	0.68710045652227	-0.47912617055656
GTT	V	D	Mis	NA	646	203	GAACAATCAGTGGTTTATAGACATAAGTTCTCCTTGCCTAGTGTGGATGGACAGAAACGCTACACGTTTCGTGTTCGGAGCCGCTTTAACCCACTCTGTGGAAGTGCTCAGCATTGGAGTGAATGGAGCCACCCAATCCACTGGGGAAGCAATACTTCAAAAG	-0.817653591464883	0.693349132660663	-0.45934032786381
GAA	E	D	Mis	NA	647	203	GAACAATCAGTGGAATATAGACATAAGTTCTCCTTGCCTAGTGTGGATGGACAGAAACGCTACACGTTTCGTGTTCGGAGCCGCTTTAACCCACTCTGTGGAAGTGCTCAGCATTGGAGTGAATGGAGCCACCCAATCCACTGGGGAAGCAATACTTCAAAAG	-1.41126033495629	0.603935803218692	-1.05294707135522
GAC	D	D	Syn	NA	647	203	GAACAATCAGTGGACTATAGACATAAGTTCTCCTTGCCTAGTGTGGATGGACAGAAACGCTACACGTTTCGTGTTCGGAGCCGCTTTAACCCACTCTGTGGAAGTGCTCAGCATTGGAGTGAATGGAGCCACCCAATCCACTGGGGAAGCAATACTTCAAAAG	0.766406927462259	0.693349132660663	1.12472019106333
GAG	E	D	Mis	NA	647	203	GAACAATCAGTGGAGTATAGACATAAGTTCTCCTTGCCTAGTGTGGATGGACAGAAACGCTACACGTTTCGTGTTCGGAGCCGCTTTAACCCACTCTGTGGAAGTGCTCAGCATTGGAGTGAATGGAGCCACCCAATCCACTGGGGAAGCAATACTTCAAAAG	-1.51678562379295	0.565517990624726	-1.15847236019188
AAT	N	Y	Mis	NA	648	204	GAACAATCAGTGGATAATAGACATAAGTTCTCCTTGCCTAGTGTGGATGGACAGAAACGCTACACGTTTCGTGTTCGGAGCCGCTTTAACCCACTCTGTGGAAGTGCTCAGCATTGGAGTGAATGGAGCCACCCAATCCACTGGGGAAGCAATACTTCAAAAG	0.615569455724001	0.704152431232294	0.973882719325074
CAT	H	Y	Mis	NA	648	204	GAACAATCAGTGGATCATAGACATAAGTTCTCCTTGCCTAGTGTGGATGGACAGAAACGCTACACGTTTCGTGTTCGGAGCCGCTTTAACCCACTCTGTGGAAGTGCTCAGCATTGGAGTGAATGGAGCCACCCAATCCACTGGGGAAGCAATACTTCAAAAG	-14.1513973863618	0.00288607254889734	-13.7930841227607
GAT	D	Y	Mis	NA	648	204	GAACAATCAGTGGATGATAGACATAAGTTCTCCTTGCCTAGTGTGGATGGACAGAAACGCTACACGTTTCGTGTTCGGAGCCGCTTTAACCCACTCTGTGGAAGTGCTCAGCATTGGAGTGAATGGAGCCACCCAATCCACTGGGGAAGCAATACTTCAAAAG	-0.0942766181649848	1	0.264036645436088
TCT	S	Y	Mis	NA	649	204	GAACAATCAGTGGATTCTAGACATAAGTTCTCCTTGCCTAGTGTGGATGGACAGAAACGCTACACGTTTCGTGTTCGGAGCCGCTTTAACCCACTCTGTGGAAGTGCTCAGCATTGGAGTGAATGGAGCCACCCAATCCACTGGGGAAGCAATACTTCAAAAG	-0.311168841631926	0.97003660891924	0.047144421969147
TGT	C	Y	Mis	NA	649	204	GAACAATCAGTGGATTGTAGACATAAGTTCTCCTTGCCTAGTGTGGATGGACAGAAACGCTACACGTTTCGTGTTCGGAGCCGCTTTAACCCACTCTGTGGAAGTGCTCAGCATTGGAGTGAATGGAGCCACCCAATCCACTGGGGAAGCAATACTTCAAAAG	-1.94629019082321	0.330672265103294	-1.58797692722214
TTT	F	Y	Mis	NA	649	204	GAACAATCAGTGGATTTTAGACATAAGTTCTCCTTGCCTAGTGTGGATGGACAGAAACGCTACACGTTTCGTGTTCGGAGCCGCTTTAACCCACTCTGTGGAAGTGCTCAGCATTGGAGTGAATGGAGCCACCCAATCCACTGGGGAAGCAATACTTCAAAAG	-14.7456122901458	0.00133925289962902	-14.3872990265447
TAA	*	Y	Non	NA	650	204	GAACAATCAGTGGATTAAAGACATAAGTTCTCCTTGCCTAGTGTGGATGGACAGAAACGCTACACGTTTCGTGTTCGGAGCCGCTTTAACCCACTCTGTGGAAGTGCTCAGCATTGGAGTGAATGGAGCCACCCAATCCACTGGGGAAGCAATACTTCAAAAG	-14.6083242078626	0.00178070266752163	-14.2500109442615
TAC	Y	Y	Syn	NA	650	204	GAACAATCAGTGGATTACAGACATAAGTTCTCCTTGCCTAGTGTGGATGGACAGAAACGCTACACGTTTCGTGTTCGGAGCCGCTTTAACCCACTCTGTGGAAGTGCTCAGCATTGGAGTGAATGGAGCCACCCAATCCACTGGGGAAGCAATACTTCAAAAG	-0.462795807454597	0.844014330532634	-0.104482543853524
TAG	*	Y	Non	NA	650	204	GAACAATCAGTGGATTAGAGACATAAGTTCTCCTTGCCTAGTGTGGATGGACAGAAACGCTACACGTTTCGTGTTCGGAGCCGCTTTAACCCACTCTGTGGAAGTGCTCAGCATTGGAGTGAATGGAGCCACCCAATCCACTGGGGAAGCAATACTTCAAAAG	-14.1526661778181	0.00288607254889734	-13.794352914217
CGA	R	R	Syn	NA	651	205	GAACAATCAGTGGATTATCGACATAAGTTCTCCTTGCCTAGTGTGGATGGACAGAAACGCTACACGTTTCGTGTTCGGAGCCGCTTTAACCCACTCTGTGGAAGTGCTCAGCATTGGAGTGAATGGAGCCACCCAATCCACTGGGGAAGCAATACTTCAAAAG	-2.47255639752214	0.113456697039591	-2.11424313392107
GGA	G	R	Mis	NA	651	205	GAACAATCAGTGGATTATGGACATAAGTTCTCCTTGCCTAGTGTGGATGGACAGAAACGCTACACGTTTCGTGTTCGGAGCCGCTTTAACCCACTCTGTGGAAGTGCTCAGCATTGGAGTGAATGGAGCCACCCAATCCACTGGGGAAGCAATACTTCAAAAG	1.36464720168489	0.189173951636011	1.72296046528596
TGA	*	R	Non	NA	651	205	GAACAATCAGTGGATTATTGACATAAGTTCTCCTTGCCTAGTGTGGATGGACAGAAACGCTACACGTTTCGTGTTCGGAGCCGCTTTAACCCACTCTGTGGAAGTGCTCAGCATTGGAGTGAATGGAGCCACCCAATCCACTGGGGAAGCAATACTTCAAAAG	-14.6918616537197	0.00151346328038483	-14.3335483901186
AAA	K	R	Mis	NA	652	205	GAACAATCAGTGGATTATAAACATAAGTTCTCCTTGCCTAGTGTGGATGGACAGAAACGCTACACGTTTCGTGTTCGGAGCCGCTTTAACCCACTCTGTGGAAGTGCTCAGCATTGGAGTGAATGGAGCCACCCAATCCACTGGGGAAGCAATACTTCAAAAG	-1.1943870926997	0.68710045652227	-0.836073829098627
ACA	T	R	Mis	NA	652	205	GAACAATCAGTGGATTATACACATAAGTTCTCCTTGCCTAGTGTGGATGGACAGAAACGCTACACGTTTCGTGTTCGGAGCCGCTTTAACCCACTCTGTGGAAGTGCTCAGCATTGGAGTGAATGGAGCCACCCAATCCACTGGGGAAGCAATACTTCAAAAG	-0.881815690343655	0.67370331119152	-0.523502426742582
ATA	I	R	Mis	NA	652	205	GAACAATCAGTGGATTATATACATAAGTTCTCCTTGCCTAGTGTGGATGGACAGAAACGCTACACGTTTCGTGTTCGGAGCCGCTTTAACCCACTCTGTGGAAGTGCTCAGCATTGGAGTGAATGGAGCCACCCAATCCACTGGGGAAGCAATACTTCAAAAG	-0.770419345667854	0.648511653358307	-0.412106082066781
AGC	S	R	Mis	NA	653	205	GAACAATCAGTGGATTATAGCCATAAGTTCTCCTTGCCTAGTGTGGATGGACAGAAACGCTACACGTTTCGTGTTCGGAGCCGCTTTAACCCACTCTGTGGAAGTGCTCAGCATTGGAGTGAATGGAGCCACCCAATCCACTGGGGAAGCAATACTTCAAAAG	-1.65192991592583	0.484387885833157	-1.29361665232476
AGG	R	R	Syn	NA	653	205	GAACAATCAGTGGATTATAGGCATAAGTTCTCCTTGCCTAGTGTGGATGGACAGAAACGCTACACGTTTCGTGTTCGGAGCCGCTTTAACCCACTCTGTGGAAGTGCTCAGCATTGGAGTGAATGGAGCCACCCAATCCACTGGGGAAGCAATACTTCAAAAG	-1.57395955877323	0.286223948046945	-1.21564629517216
AGT	S	R	Mis	NA	653	205	GAACAATCAGTGGATTATAGTCATAAGTTCTCCTTGCCTAGTGTGGATGGACAGAAACGCTACACGTTTCGTGTTCGGAGCCGCTTTAACCCACTCTGTGGAAGTGCTCAGCATTGGAGTGAATGGAGCCACCCAATCCACTGGGGAAGCAATACTTCAAAAG	-0.193417522652477	0.974492374572366	0.164895740948596
AAT	N	H	Mis	NA	654	206	GAACAATCAGTGGATTATAGAAATAAGTTCTCCTTGCCTAGTGTGGATGGACAGAAACGCTACACGTTTCGTGTTCGGAGCCGCTTTAACCCACTCTGTGGAAGTGCTCAGCATTGGAGTGAATGGAGCCACCCAATCCACTGGGGAAGCAATACTTCAAAAG	1.1716724717761	0.279934151141518	1.52998573537717
GAT	D	H	Mis	NA	654	206	GAACAATCAGTGGATTATAGAGATAAGTTCTCCTTGCCTAGTGTGGATGGACAGAAACGCTACACGTTTCGTGTTCGGAGCCGCTTTAACCCACTCTGTGGAAGTGCTCAGCATTGGAGTGAATGGAGCCACCCAATCCACTGGGGAAGCAATACTTCAAAAG	-14.3352792146667	0.00260623562780619	-13.9769659510656
TAT	Y	H	Mis	NA	654	206	GAACAATCAGTGGATTATAGATATAAGTTCTCCTTGCCTAGTGTGGATGGACAGAAACGCTACACGTTTCGTGTTCGGAGCCGCTTTAACCCACTCTGTGGAAGTGCTCAGCATTGGAGTGAATGGAGCCACCCAATCCACTGGGGAAGCAATACTTCAAAAG	4.95330255409872	4.91628535129466e-19	5.31161581769979
CCT	P	H	Mis	NA	655	206	GAACAATCAGTGGATTATAGACCTAAGTTCTCCTTGCCTAGTGTGGATGGACAGAAACGCTACACGTTTCGTGTTCGGAGCCGCTTTAACCCACTCTGTGGAAGTGCTCAGCATTGGAGTGAATGGAGCCACCCAATCCACTGGGGAAGCAATACTTCAAAAG	-0.435118718794148	0.900508019530344	-0.076805455193075
CGT	R	H	Mis	NA	655	206	GAACAATCAGTGGATTATAGACGTAAGTTCTCCTTGCCTAGTGTGGATGGACAGAAACGCTACACGTTTCGTGTTCGGAGCCGCTTTAACCCACTCTGTGGAAGTGCTCAGCATTGGAGTGAATGGAGCCACCCAATCCACTGGGGAAGCAATACTTCAAAAG	-0.962113072608215	0.642036732706007	-0.603799809007142
CTT	L	H	Mis	NA	655	206	GAACAATCAGTGGATTATAGACTTAAGTTCTCCTTGCCTAGTGTGGATGGACAGAAACGCTACACGTTTCGTGTTCGGAGCCGCTTTAACCCACTCTGTGGAAGTGCTCAGCATTGGAGTGAATGGAGCCACCCAATCCACTGGGGAAGCAATACTTCAAAAG	-1.3669349674703	0.62901112681562	-1.00862170386923
CAA	Q	H	Mis	Benign	656	206	GAACAATCAGTGGATTATAGACAAAAGTTCTCCTTGCCTAGTGTGGATGGACAGAAACGCTACACGTTTCGTGTTCGGAGCCGCTTTAACCCACTCTGTGGAAGTGCTCAGCATTGGAGTGAATGGAGCCACCCAATCCACTGGGGAAGCAATACTTCAAAAG	-0.380421188795791	0.937535281854402	-0.022107925194718
CAC	H	H	Syn	NA	656	206	GAACAATCAGTGGATTATAGACACAAGTTCTCCTTGCCTAGTGTGGATGGACAGAAACGCTACACGTTTCGTGTTCGGAGCCGCTTTAACCCACTCTGTGGAAGTGCTCAGCATTGGAGTGAATGGAGCCACCCAATCCACTGGGGAAGCAATACTTCAAAAG	-14.8223613222531	0.00120256521259006	-14.464048058652
CAG	Q	H	Mis	NA	656	206	GAACAATCAGTGGATTATAGACAGAAGTTCTCCTTGCCTAGTGTGGATGGACAGAAACGCTACACGTTTCGTGTTCGGAGCCGCTTTAACCCACTCTGTGGAAGTGCTCAGCATTGGAGTGAATGGAGCCACCCAATCCACTGGGGAAGCAATACTTCAAAAG	-0.943975611912206	0.642036732706007	-0.585662348311133
CAG	Q	K	Mis	NA	657	207	GAACAATCAGTGGATTATAGACATCAGTTCTCCTTGCCTAGTGTGGATGGACAGAAACGCTACACGTTTCGTGTTCGGAGCCGCTTTAACCCACTCTGTGGAAGTGCTCAGCATTGGAGTGAATGGAGCCACCCAATCCACTGGGGAAGCAATACTTCAAAAG	1.79205847937321	0.016471886895609	2.15037174297428
GAG	E	K	Mis	NA	657	207	GAACAATCAGTGGATTATAGACATGAGTTCTCCTTGCCTAGTGTGGATGGACAGAAACGCTACACGTTTCGTGTTCGGAGCCGCTTTAACCCACTCTGTGGAAGTGCTCAGCATTGGAGTGAATGGAGCCACCCAATCCACTGGGGAAGCAATACTTCAAAAG	-0.186851412224455	0.986411933634474	0.171461851376618
TAG	*	K	Non	X-SCID HMGD	657	207	GAACAATCAGTGGATTATAGACATTAGTTCTCCTTGCCTAGTGTGGATGGACAGAAACGCTACACGTTTCGTGTTCGGAGCCGCTTTAACCCACTCTGTGGAAGTGCTCAGCATTGGAGTGAATGGAGCCACCCAATCCACTGGGGAAGCAATACTTCAAAAG	-14.8908677907767	0.00115288476400579	-14.5325545271756
ACG	T	K	Mis	NA	658	207	GAACAATCAGTGGATTATAGACATACGTTCTCCTTGCCTAGTGTGGATGGACAGAAACGCTACACGTTTCGTGTTCGGAGCCGCTTTAACCCACTCTGTGGAAGTGCTCAGCATTGGAGTGAATGGAGCCACCCAATCCACTGGGGAAGCAATACTTCAAAAG	-1.52729451427633	0.319432783861967	-1.16898125067526
AGG	R	K	Mis	NA	658	207	GAACAATCAGTGGATTATAGACATAGGTTCTCCTTGCCTAGTGTGGATGGACAGAAACGCTACACGTTTCGTGTTCGGAGCCGCTTTAACCCACTCTGTGGAAGTGCTCAGCATTGGAGTGAATGGAGCCACCCAATCCACTGGGGAAGCAATACTTCAAAAG	0.63847736399976	0.642036732706007	0.996790627600833
ATG	M	K	Mis	NA	658	207	GAACAATCAGTGGATTATAGACATATGTTCTCCTTGCCTAGTGTGGATGGACAGAAACGCTACACGTTTCGTGTTCGGAGCCGCTTTAACCCACTCTGTGGAAGTGCTCAGCATTGGAGTGAATGGAGCCACCCAATCCACTGGGGAAGCAATACTTCAAAAG	1.39572488281065	0.182583963943694	1.75403814641172
AAA	K	K	Syn	NA	659	207	GAACAATCAGTGGATTATAGACATAAATTCTCCTTGCCTAGTGTGGATGGACAGAAACGCTACACGTTTCGTGTTCGGAGCCGCTTTAACCCACTCTGTGGAAGTGCTCAGCATTGGAGTGAATGGAGCCACCCAATCCACTGGGGAAGCAATACTTCAAAAG	-0.658290071102878	0.800814728125865	-0.299976807501805
AAC	N	K	Mis	NA	659	207	GAACAATCAGTGGATTATAGACATAACTTCTCCTTGCCTAGTGTGGATGGACAGAAACGCTACACGTTTCGTGTTCGGAGCCGCTTTAACCCACTCTGTGGAAGTGCTCAGCATTGGAGTGAATGGAGCCACCCAATCCACTGGGGAAGCAATACTTCAAAAG	-1.73331164548723	0.4420007156552	-1.37499838188616
AAT	N	K	Mis	NA	659	207	GAACAATCAGTGGATTATAGACATAATTTCTCCTTGCCTAGTGTGGATGGACAGAAACGCTACACGTTTCGTGTTCGGAGCCGCTTTAACCCACTCTGTGGAAGTGCTCAGCATTGGAGTGAATGGAGCCACCCAATCCACTGGGGAAGCAATACTTCAAAAG	-15.1016395045772	0.000603223439976637	-14.7433262409761
ATC	I	F	Mis	NA	660	208	GAACAATCAGTGGATTATAGACATAAGATCTCCTTGCCTAGTGTGGATGGACAGAAACGCTACACGTTTCGTGTTCGGAGCCGCTTTAACCCACTCTGTGGAAGTGCTCAGCATTGGAGTGAATGGAGCCACCCAATCCACTGGGGAAGCAATACTTCAAAAG	-0.673634111965675	0.773061021396328	-0.315320848364602
CTC	L	F	Mis	NA	660	208	GAACAATCAGTGGATTATAGACATAAGCTCTCCTTGCCTAGTGTGGATGGACAGAAACGCTACACGTTTCGTGTTCGGAGCCGCTTTAACCCACTCTGTGGAAGTGCTCAGCATTGGAGTGAATGGAGCCACCCAATCCACTGGGGAAGCAATACTTCAAAAG	-14.0525698776809	0.00367503126341012	-13.6942566140798
GTC	V	F	Mis	NA	660	208	GAACAATCAGTGGATTATAGACATAAGGTCTCCTTGCCTAGTGTGGATGGACAGAAACGCTACACGTTTCGTGTTCGGAGCCGCTTTAACCCACTCTGTGGAAGTGCTCAGCATTGGAGTGAATGGAGCCACCCAATCCACTGGGGAAGCAATACTTCAAAAG	0.579652719841185	0.648511653358307	0.937965983442258
TAC	Y	F	Mis	NA	661	208	GAACAATCAGTGGATTATAGACATAAGTACTCCTTGCCTAGTGTGGATGGACAGAAACGCTACACGTTTCGTGTTCGGAGCCGCTTTAACCCACTCTGTGGAAGTGCTCAGCATTGGAGTGAATGGAGCCACCCAATCCACTGGGGAAGCAATACTTCAAAAG	-0.0231089155410174	1	0.335204348060056
TCC	S	F	Mis	NA	661	208	GAACAATCAGTGGATTATAGACATAAGTCCTCCTTGCCTAGTGTGGATGGACAGAAACGCTACACGTTTCGTGTTCGGAGCCGCTTTAACCCACTCTGTGGAAGTGCTCAGCATTGGAGTGAATGGAGCCACCCAATCCACTGGGGAAGCAATACTTCAAAAG	-2.08603925287554	0.255901906378601	-1.72772598927447
TGC	C	F	Mis	NA	661	208	GAACAATCAGTGGATTATAGACATAAGTGCTCCTTGCCTAGTGTGGATGGACAGAAACGCTACACGTTTCGTGTTCGGAGCCGCTTTAACCCACTCTGTGGAAGTGCTCAGCATTGGAGTGAATGGAGCCACCCAATCCACTGGGGAAGCAATACTTCAAAAG	0.000958056180051561	1	0.359271319781125
TTA	L	F	Mis	NA	662	208	GAACAATCAGTGGATTATAGACATAAGTTATCCTTGCCTAGTGTGGATGGACAGAAACGCTACACGTTTCGTGTTCGGAGCCGCTTTAACCCACTCTGTGGAAGTGCTCAGCATTGGAGTGAATGGAGCCACCCAATCCACTGGGGAAGCAATACTTCAAAAG	0.685757043903001	0.685229966623024	1.04407030750407
TTG	L	F	Mis	NA	662	208	GAACAATCAGTGGATTATAGACATAAGTTGTCCTTGCCTAGTGTGGATGGACAGAAACGCTACACGTTTCGTGTTCGGAGCCGCTTTAACCCACTCTGTGGAAGTGCTCAGCATTGGAGTGAATGGAGCCACCCAATCCACTGGGGAAGCAATACTTCAAAAG	-2.3360688817273	0.153030038886298	-1.97775561812623
TTT	F	F	Syn	NA	662	208	GAACAATCAGTGGATTATAGACATAAGTTTTCCTTGCCTAGTGTGGATGGACAGAAACGCTACACGTTTCGTGTTCGGAGCCGCTTTAACCCACTCTGTGGAAGTGCTCAGCATTGGAGTGAATGGAGCCACCCAATCCACTGGGGAAGCAATACTTCAAAAG	-1.78638990397784	0.415735524848137	-1.42807664037677
ACC	T	S	Mis	NA	663	209	GAACAATCAGTGGATTATAGACATAAGTTCACCTTGCCTAGTGTGGATGGACAGAAACGCTACACGTTTCGTGTTCGGAGCCGCTTTAACCCACTCTGTGGAAGTGCTCAGCATTGGAGTGAATGGAGCCACCCAATCCACTGGGGAAGCAATACTTCAAAAG	-1.98346429375526	0.320660369730738	-1.62515103015419
CCC	P	S	Mis	NA	663	209	GAACAATCAGTGGATTATAGACATAAGTTCCCCTTGCCTAGTGTGGATGGACAGAAACGCTACACGTTTCGTGTTCGGAGCCGCTTTAACCCACTCTGTGGAAGTGCTCAGCATTGGAGTGAATGGAGCCACCCAATCCACTGGGGAAGCAATACTTCAAAAG	-0.25813179131964	0.97003660891924	0.100181472281433
GCC	A	S	Mis	NA	663	209	GAACAATCAGTGGATTATAGACATAAGTTCGCCTTGCCTAGTGTGGATGGACAGAAACGCTACACGTTTCGTGTTCGGAGCCGCTTTAACCCACTCTGTGGAAGTGCTCAGCATTGGAGTGAATGGAGCCACCCAATCCACTGGGGAAGCAATACTTCAAAAG	0.400272143786459	0.845969844048999	0.758585407387532
TAC	Y	S	Mis	NA	664	209	GAACAATCAGTGGATTATAGACATAAGTTCTACTTGCCTAGTGTGGATGGACAGAAACGCTACACGTTTCGTGTTCGGAGCCGCTTTAACCCACTCTGTGGAAGTGCTCAGCATTGGAGTGAATGGAGCCACCCAATCCACTGGGGAAGCAATACTTCAAAAG	-0.598632916004152	0.832236332906068	-0.240319652403079
TGC	C	S	Mis	NA	664	209	GAACAATCAGTGGATTATAGACATAAGTTCTGCTTGCCTAGTGTGGATGGACAGAAACGCTACACGTTTCGTGTTCGGAGCCGCTTTAACCCACTCTGTGGAAGTGCTCAGCATTGGAGTGAATGGAGCCACCCAATCCACTGGGGAAGCAATACTTCAAAAG	0.141433818776173	0.959087016894724	0.499747082377246
TTC	F	S	Mis	NA	664	209	GAACAATCAGTGGATTATAGACATAAGTTCTTCTTGCCTAGTGTGGATGGACAGAAACGCTACACGTTTCGTGTTCGGAGCCGCTTTAACCCACTCTGTGGAAGTGCTCAGCATTGGAGTGAATGGAGCCACCCAATCCACTGGGGAAGCAATACTTCAAAAG	-13.2154069455598	0.0160199517371114	-12.8570936819587
TCA	S	S	Syn	NA	665	209	GAACAATCAGTGGATTATAGACATAAGTTCTCATTGCCTAGTGTGGATGGACAGAAACGCTACACGTTTCGTGTTCGGAGCCGCTTTAACCCACTCTGTGGAAGTGCTCAGCATTGGAGTGAATGGAGCCACCCAATCCACTGGGGAAGCAATACTTCAAAAG	-0.801627191055875	0.721017821974965	-0.443313927454802
TCG	S	S	Syn	NA	665	209	GAACAATCAGTGGATTATAGACATAAGTTCTCGTTGCCTAGTGTGGATGGACAGAAACGCTACACGTTTCGTGTTCGGAGCCGCTTTAACCCACTCTGTGGAAGTGCTCAGCATTGGAGTGAATGGAGCCACCCAATCCACTGGGGAAGCAATACTTCAAAAG	-0.163910425534806	0.986411933634474	0.194402838066267
TCT	S	S	Syn	NA	665	209	GAACAATCAGTGGATTATAGACATAAGTTCTCTTTGCCTAGTGTGGATGGACAGAAACGCTACACGTTTCGTGTTCGGAGCCGCTTTAACCCACTCTGTGGAAGTGCTCAGCATTGGAGTGAATGGAGCCACCCAATCCACTGGGGAAGCAATACTTCAAAAG	-0.21724077214086	0.966241592496335	0.141072491460213
ATG	M	L	Mis	NA	666	210	GAACAATCAGTGGATTATAGACATAAGTTCTCCATGCCTAGTGTGGATGGACAGAAACGCTACACGTTTCGTGTTCGGAGCCGCTTTAACCCACTCTGTGGAAGTGCTCAGCATTGGAGTGAATGGAGCCACCCAATCCACTGGGGAAGCAATACTTCAAAAG	-14.5577414812784	0.00178070266752163	-14.1994282176773
CTG	L	L	Syn	NA	666	210	GAACAATCAGTGGATTATAGACATAAGTTCTCCCTGCCTAGTGTGGATGGACAGAAACGCTACACGTTTCGTGTTCGGAGCCGCTTTAACCCACTCTGTGGAAGTGCTCAGCATTGGAGTGAATGGAGCCACCCAATCCACTGGGGAAGCAATACTTCAAAAG	-0.396999409180232	0.876602508020617	-0.038686145579159
GTG	V	L	Mis	NA	666	210	GAACAATCAGTGGATTATAGACATAAGTTCTCCGTGCCTAGTGTGGATGGACAGAAACGCTACACGTTTCGTGTTCGGAGCCGCTTTAACCCACTCTGTGGAAGTGCTCAGCATTGGAGTGAATGGAGCCACCCAATCCACTGGGGAAGCAATACTTCAAAAG	-13.8740917685982	0.00471449251652567	-13.5157785049971
TAG	*	L	Non	NA	667	210	GAACAATCAGTGGATTATAGACATAAGTTCTCCTAGCCTAGTGTGGATGGACAGAAACGCTACACGTTTCGTGTTCGGAGCCGCTTTAACCCACTCTGTGGAAGTGCTCAGCATTGGAGTGAATGGAGCCACCCAATCCACTGGGGAAGCAATACTTCAAAAG	-1.62971222765202	0.518067092502913	-1.27139896405095
TCG	S	L	Mis	NA	667	210	GAACAATCAGTGGATTATAGACATAAGTTCTCCTCGCCTAGTGTGGATGGACAGAAACGCTACACGTTTCGTGTTCGGAGCCGCTTTAACCCACTCTGTGGAAGTGCTCAGCATTGGAGTGAATGGAGCCACCCAATCCACTGGGGAAGCAATACTTCAAAAG	0.171084123474958	0.94764618772939	0.529397387076031
TGG	W	L	Mis	NA	667	210	GAACAATCAGTGGATTATAGACATAAGTTCTCCTGGCCTAGTGTGGATGGACAGAAACGCTACACGTTTCGTGTTCGGAGCCGCTTTAACCCACTCTGTGGAAGTGCTCAGCATTGGAGTGAATGGAGCCACCCAATCCACTGGGGAAGCAATACTTCAAAAG	-0.179152987669437	0.986411933634474	0.179160275931636
TTA	L	L	Syn	NA	668	210	GAACAATCAGTGGATTATAGACATAAGTTCTCCTTACCTAGTGTGGATGGACAGAAACGCTACACGTTTCGTGTTCGGAGCCGCTTTAACCCACTCTGTGGAAGTGCTCAGCATTGGAGTGAATGGAGCCACCCAATCCACTGGGGAAGCAATACTTCAAAAG	-0.56136363432367	0.853258682122875	-0.203050370722597
TTC	F	L	Mis	NA	668	210	GAACAATCAGTGGATTATAGACATAAGTTCTCCTTCCCTAGTGTGGATGGACAGAAACGCTACACGTTTCGTGTTCGGAGCCGCTTTAACCCACTCTGTGGAAGTGCTCAGCATTGGAGTGAATGGAGCCACCCAATCCACTGGGGAAGCAATACTTCAAAAG	-0.785692361581763	0.718910563763362	-0.42737909798069
TTT	F	L	Mis	NA	668	210	GAACAATCAGTGGATTATAGACATAAGTTCTCCTTTCCTAGTGTGGATGGACAGAAACGCTACACGTTTCGTGTTCGGAGCCGCTTTAACCCACTCTGTGGAAGTGCTCAGCATTGGAGTGAATGGAGCCACCCAATCCACTGGGGAAGCAATACTTCAAAAG	-0.537370147784123	0.867630720814828	-0.17905688418305
ACT	T	P	Mis	NA	669	211	GAACAATCAGTGGATTATAGACATAAGTTCTCCTTGACTAGTGTGGATGGACAGAAACGCTACACGTTTCGTGTTCGGAGCCGCTTTAACCCACTCTGTGGAAGTGCTCAGCATTGGAGTGAATGGAGCCACCCAATCCACTGGGGAAGCAATACTTCAAAAG	-1.89283488644853	0.35397216147015	-1.53452162284746
GCT	A	P	Mis	NA	669	211	GAACAATCAGTGGATTATAGACATAAGTTCTCCTTGGCTAGTGTGGATGGACAGAAACGCTACACGTTTCGTGTTCGGAGCCGCTTTAACCCACTCTGTGGAAGTGCTCAGCATTGGAGTGAATGGAGCCACCCAATCCACTGGGGAAGCAATACTTCAAAAG	-0.313061953824428	0.937535281854402	0.045251309776645
TCT	S	P	Mis	NA	669	211	GAACAATCAGTGGATTATAGACATAAGTTCTCCTTGTCTAGTGTGGATGGACAGAAACGCTACACGTTTCGTGTTCGGAGCCGCTTTAACCCACTCTGTGGAAGTGCTCAGCATTGGAGTGAATGGAGCCACCCAATCCACTGGGGAAGCAATACTTCAAAAG	-1.02719131546232	0.608403335701744	-0.668878051861247
CAT	H	P	Mis	NA	670	211	GAACAATCAGTGGATTATAGACATAAGTTCTCCTTGCATAGTGTGGATGGACAGAAACGCTACACGTTTCGTGTTCGGAGCCGCTTTAACCCACTCTGTGGAAGTGCTCAGCATTGGAGTGAATGGAGCCACCCAATCCACTGGGGAAGCAATACTTCAAAAG	-2.02615518085271	0.287304079218497	-1.66784191725164
CGT	R	P	Mis	NA	670	211	GAACAATCAGTGGATTATAGACATAAGTTCTCCTTGCGTAGTGTGGATGGACAGAAACGCTACACGTTTCGTGTTCGGAGCCGCTTTAACCCACTCTGTGGAAGTGCTCAGCATTGGAGTGAATGGAGCCACCCAATCCACTGGGGAAGCAATACTTCAAAAG	-14.4790104819055	0.00217185312841093	-14.1206972183044
CTT	L	P	Mis	NA	670	211	GAACAATCAGTGGATTATAGACATAAGTTCTCCTTGCTTAGTGTGGATGGACAGAAACGCTACACGTTTCGTGTTCGGAGCCGCTTTAACCCACTCTGTGGAAGTGCTCAGCATTGGAGTGAATGGAGCCACCCAATCCACTGGGGAAGCAATACTTCAAAAG	0.225879999430457	0.930592947999769	0.58419326303153
CCA	P	P	Syn	NA	671	211	GAACAATCAGTGGATTATAGACATAAGTTCTCCTTGCCAAGTGTGGATGGACAGAAACGCTACACGTTTCGTGTTCGGAGCCGCTTTAACCCACTCTGTGGAAGTGCTCAGCATTGGAGTGAATGGAGCCACCCAATCCACTGGGGAAGCAATACTTCAAAAG	-0.442716867216101	0.900508019530344	-0.084403603615028
CCC	P	P	Syn	NA	671	211	GAACAATCAGTGGATTATAGACATAAGTTCTCCTTGCCCAGTGTGGATGGACAGAAACGCTACACGTTTCGTGTTCGGAGCCGCTTTAACCCACTCTGTGGAAGTGCTCAGCATTGGAGTGAATGGAGCCACCCAATCCACTGGGGAAGCAATACTTCAAAAG	0.761517632773388	0.647436491214452	1.11983089637446
CCG	P	P	Syn	NA	671	211	GAACAATCAGTGGATTATAGACATAAGTTCTCCTTGCCGAGTGTGGATGGACAGAAACGCTACACGTTTCGTGTTCGGAGCCGCTTTAACCCACTCTGTGGAAGTGCTCAGCATTGGAGTGAATGGAGCCACCCAATCCACTGGGGAAGCAATACTTCAAAAG	-0.741400896122669	0.673509737359492	-0.383087632521596
CGT	R	S	Mis	NA	672	212	GAACAATCAGTGGATTATAGACATAAGTTCTCCTTGCCTCGTGTGGATGGACAGAAACGCTACACGTTTCGTGTTCGGAGCCGCTTTAACCCACTCTGTGGAAGTGCTCAGCATTGGAGTGAATGGAGCCACCCAATCCACTGGGGAAGCAATACTTCAAAAG	-14.0392549612441	0.00382591177278106	-13.680941697643
GGT	G	S	Mis	NA	672	212	GAACAATCAGTGGATTATAGACATAAGTTCTCCTTGCCTGGTGTGGATGGACAGAAACGCTACACGTTTCGTGTTCGGAGCCGCTTTAACCCACTCTGTGGAAGTGCTCAGCATTGGAGTGAATGGAGCCACCCAATCCACTGGGGAAGCAATACTTCAAAAG	-14.2548574157037	0.00260623562780619	-13.8965441521026
TGT	C	S	Mis	NA	672	212	GAACAATCAGTGGATTATAGACATAAGTTCTCCTTGCCTTGTGTGGATGGACAGAAACGCTACACGTTTCGTGTTCGGAGCCGCTTTAACCCACTCTGTGGAAGTGCTCAGCATTGGAGTGAATGGAGCCACCCAATCCACTGGGGAAGCAATACTTCAAAAG	0.790629996444376	0.610918077792046	1.14894326004545
AAT	N	S	Mis	NA	673	212	GAACAATCAGTGGATTATAGACATAAGTTCTCCTTGCCTAATGTGGATGGACAGAAACGCTACACGTTTCGTGTTCGGAGCCGCTTTAACCCACTCTGTGGAAGTGCTCAGCATTGGAGTGAATGGAGCCACCCAATCCACTGGGGAAGCAATACTTCAAAAG	-14.0337566823218	0.00338020334856298	-13.6754434187207
ACT	T	S	Mis	NA	673	212	GAACAATCAGTGGATTATAGACATAAGTTCTCCTTGCCTACTGTGGATGGACAGAAACGCTACACGTTTCGTGTTCGGAGCCGCTTTAACCCACTCTGTGGAAGTGCTCAGCATTGGAGTGAATGGAGCCACCCAATCCACTGGGGAAGCAATACTTCAAAAG	-14.3181366900583	0.00260623562780619	-13.9598234264572
ATT	I	S	Mis	NA	673	212	GAACAATCAGTGGATTATAGACATAAGTTCTCCTTGCCTATTGTGGATGGACAGAAACGCTACACGTTTCGTGTTCGGAGCCGCTTTAACCCACTCTGTGGAAGTGCTCAGCATTGGAGTGAATGGAGCCACCCAATCCACTGGGGAAGCAATACTTCAAAAG	0.872611057324883	0.563420344901075	1.23092432092596
AGA	R	S	Mis	NA	674	212	GAACAATCAGTGGATTATAGACATAAGTTCTCCTTGCCTAGAGTGGATGGACAGAAACGCTACACGTTTCGTGTTCGGAGCCGCTTTAACCCACTCTGTGGAAGTGCTCAGCATTGGAGTGAATGGAGCCACCCAATCCACTGGGGAAGCAATACTTCAAAAG	-2.13482205014251	0.235523655801289	-1.77650878654144
AGC	S	S	Syn	NA	674	212	GAACAATCAGTGGATTATAGACATAAGTTCTCCTTGCCTAGCGTGGATGGACAGAAACGCTACACGTTTCGTGTTCGGAGCCGCTTTAACCCACTCTGTGGAAGTGCTCAGCATTGGAGTGAATGGAGCCACCCAATCCACTGGGGAAGCAATACTTCAAAAG	0.596052543288628	0.685229966623024	0.954365806889701
AGG	R	S	Mis	NA	674	212	GAACAATCAGTGGATTATAGACATAAGTTCTCCTTGCCTAGGGTGGATGGACAGAAACGCTACACGTTTCGTGTTCGGAGCCGCTTTAACCCACTCTGTGGAAGTGCTCAGCATTGGAGTGAATGGAGCCACCCAATCCACTGGGGAAGCAATACTTCAAAAG	1.6701661601813	0.0301394959532652	2.02847942378237
ATG	M	V	Mis	NA	675	213	GAACAATCAGTGGATTATAGACATAAGTTCTCCTTGCCTAGTATGGATGGACAGAAACGCTACACGTTTCGTGTTCGGAGCCGCTTTAACCCACTCTGTGGAAGTGCTCAGCATTGGAGTGAATGGAGCCACCCAATCCACTGGGGAAGCAATACTTCAAAAG	-1.12101482908547	0.560338976608241	-0.762701565484397
CTG	L	V	Mis	NA	675	213	GAACAATCAGTGGATTATAGACATAAGTTCTCCTTGCCTAGTCTGGATGGACAGAAACGCTACACGTTTCGTGTTCGGAGCCGCTTTAACCCACTCTGTGGAAGTGCTCAGCATTGGAGTGAATGGAGCCACCCAATCCACTGGGGAAGCAATACTTCAAAAG	-0.411386972706173	0.867630720814828	-0.0530737091051
TTG	L	V	Mis	NA	675	213	GAACAATCAGTGGATTATAGACATAAGTTCTCCTTGCCTAGTTTGGATGGACAGAAACGCTACACGTTTCGTGTTCGGAGCCGCTTTAACCCACTCTGTGGAAGTGCTCAGCATTGGAGTGAATGGAGCCACCCAATCCACTGGGGAAGCAATACTTCAAAAG	0.927467095967159	0.596342348908118	1.28578035956823
GAG	E	V	Mis	NA	676	213	GAACAATCAGTGGATTATAGACATAAGTTCTCCTTGCCTAGTGAGGATGGACAGAAACGCTACACGTTTCGTGTTCGGAGCCGCTTTAACCCACTCTGTGGAAGTGCTCAGCATTGGAGTGAATGGAGCCACCCAATCCACTGGGGAAGCAATACTTCAAAAG	-1.81966009201604	0.396386722129238	-1.46134682841497
GCG	A	V	Mis	NA	676	213	GAACAATCAGTGGATTATAGACATAAGTTCTCCTTGCCTAGTGCGGATGGACAGAAACGCTACACGTTTCGTGTTCGGAGCCGCTTTAACCCACTCTGTGGAAGTGCTCAGCATTGGAGTGAATGGAGCCACCCAATCCACTGGGGAAGCAATACTTCAAAAG	0.00903901307968673	1	0.36735227668076
GGG	G	V	Mis	NA	676	213	GAACAATCAGTGGATTATAGACATAAGTTCTCCTTGCCTAGTGGGGATGGACAGAAACGCTACACGTTTCGTGTTCGGAGCCGCTTTAACCCACTCTGTGGAAGTGCTCAGCATTGGAGTGAATGGAGCCACCCAATCCACTGGGGAAGCAATACTTCAAAAG	-15.1378070957702	0.000603223439976637	-14.7794938321691
GTA	V	V	Syn	NA	677	213	GAACAATCAGTGGATTATAGACATAAGTTCTCCTTGCCTAGTGTAGATGGACAGAAACGCTACACGTTTCGTGTTCGGAGCCGCTTTAACCCACTCTGTGGAAGTGCTCAGCATTGGAGTGAATGGAGCCACCCAATCCACTGGGGAAGCAATACTTCAAAAG	2.05725983332755	0.00781942208412163	2.41557309692862
GTC	V	V	Syn	NA	677	213	GAACAATCAGTGGATTATAGACATAAGTTCTCCTTGCCTAGTGTCGATGGACAGAAACGCTACACGTTTCGTGTTCGGAGCCGCTTTAACCCACTCTGTGGAAGTGCTCAGCATTGGAGTGAATGGAGCCACCCAATCCACTGGGGAAGCAATACTTCAAAAG	0.00903864550223705	0.999711162419168	0.36735190910331
GTT	V	V	Syn	NA	677	213	GAACAATCAGTGGATTATAGACATAAGTTCTCCTTGCCTAGTGTTGATGGACAGAAACGCTACACGTTTCGTGTTCGGAGCCGCTTTAACCCACTCTGTGGAAGTGCTCAGCATTGGAGTGAATGGAGCCACCCAATCCACTGGGGAAGCAATACTTCAAAAG	-1.01930037758066	0.762953575725132	-0.660987113979587
AAT	N	D	Mis	NA	678	214	GAACAATCAGTGGATTATAGACATAAGTTCTCCTTGCCTAGTGTGAATGGACAGAAACGCTACACGTTTCGTGTTCGGAGCCGCTTTAACCCACTCTGTGGAAGTGCTCAGCATTGGAGTGAATGGAGCCACCCAATCCACTGGGGAAGCAATACTTCAAAAG	-14.5613286409227	0.00178070266752163	-14.2030153773216
CAT	H	D	Mis	NA	678	214	GAACAATCAGTGGATTATAGACATAAGTTCTCCTTGCCTAGTGTGCATGGACAGAAACGCTACACGTTTCGTGTTCGGAGCCGCTTTAACCCACTCTGTGGAAGTGCTCAGCATTGGAGTGAATGGAGCCACCCAATCCACTGGGGAAGCAATACTTCAAAAG	0.725782952354551	0.527138246208825	1.08409621595562
TAT	Y	D	Mis	NA	678	214	GAACAATCAGTGGATTATAGACATAAGTTCTCCTTGCCTAGTGTGTATGGACAGAAACGCTACACGTTTCGTGTTCGGAGCCGCTTTAACCCACTCTGTGGAAGTGCTCAGCATTGGAGTGAATGGAGCCACCCAATCCACTGGGGAAGCAATACTTCAAAAG	0.171174438787021	0.947670169981657	0.529487702388094
GCT	A	D	Mis	NA	679	214	GAACAATCAGTGGATTATAGACATAAGTTCTCCTTGCCTAGTGTGGCTGGACAGAAACGCTACACGTTTCGTGTTCGGAGCCGCTTTAACCCACTCTGTGGAAGTGCTCAGCATTGGAGTGAATGGAGCCACCCAATCCACTGGGGAAGCAATACTTCAAAAG	-0.374655085675348	0.937535281854402	-0.016341822074275
GGT	G	D	Mis	NA	679	214	GAACAATCAGTGGATTATAGACATAAGTTCTCCTTGCCTAGTGTGGGTGGACAGAAACGCTACACGTTTCGTGTTCGGAGCCGCTTTAACCCACTCTGTGGAAGTGCTCAGCATTGGAGTGAATGGAGCCACCCAATCCACTGGGGAAGCAATACTTCAAAAG	-0.680968036185808	0.699844553170924	-0.322654772584735
GTT	V	D	Mis	NA	679	214	GAACAATCAGTGGATTATAGACATAAGTTCTCCTTGCCTAGTGTGGTTGGACAGAAACGCTACACGTTTCGTGTTCGGAGCCGCTTTAACCCACTCTGTGGAAGTGCTCAGCATTGGAGTGAATGGAGCCACCCAATCCACTGGGGAAGCAATACTTCAAAAG	-1.99877279639049	0.30168048515127	-1.64045953278942
GAA	E	D	Mis	NA	680	214	GAACAATCAGTGGATTATAGACATAAGTTCTCCTTGCCTAGTGTGGAAGGACAGAAACGCTACACGTTTCGTGTTCGGAGCCGCTTTAACCCACTCTGTGGAAGTGCTCAGCATTGGAGTGAATGGAGCCACCCAATCCACTGGGGAAGCAATACTTCAAAAG	0.970500496614976	0.524764820521662	1.32881376021605
GAC	D	D	Syn	NA	680	214	GAACAATCAGTGGATTATAGACATAAGTTCTCCTTGCCTAGTGTGGACGGACAGAAACGCTACACGTTTCGTGTTCGGAGCCGCTTTAACCCACTCTGTGGAAGTGCTCAGCATTGGAGTGAATGGAGCCACCCAATCCACTGGGGAAGCAATACTTCAAAAG	0.209546400349799	0.946736730464608	0.567859663950872
GAG	E	D	Mis	NA	680	214	GAACAATCAGTGGATTATAGACATAAGTTCTCCTTGCCTAGTGTGGAGGGACAGAAACGCTACACGTTTCGTGTTCGGAGCCGCTTTAACCCACTCTGTGGAAGTGCTCAGCATTGGAGTGAATGGAGCCACCCAATCCACTGGGGAAGCAATACTTCAAAAG	0.307354033692537	0.876602508020617	0.66566729729361
AGA	R	G	Mis	NA	681	215	GAACAATCAGTGGATTATAGACATAAGTTCTCCTTGCCTAGTGTGGATAGACAGAAACGCTACACGTTTCGTGTTCGGAGCCGCTTTAACCCACTCTGTGGAAGTGCTCAGCATTGGAGTGAATGGAGCCACCCAATCCACTGGGGAAGCAATACTTCAAAAG	0.478791618205188	0.773061021396328	0.837104881806261
CGA	R	G	Mis	NA	681	215	GAACAATCAGTGGATTATAGACATAAGTTCTCCTTGCCTAGTGTGGATCGACAGAAACGCTACACGTTTCGTGTTCGGAGCCGCTTTAACCCACTCTGTGGAAGTGCTCAGCATTGGAGTGAATGGAGCCACCCAATCCACTGGGGAAGCAATACTTCAAAAG	0.127404963628592	0.959087016894724	0.485718227229665
TGA	*	G	Non	NA	681	215	GAACAATCAGTGGATTATAGACATAAGTTCTCCTTGCCTAGTGTGGATTGACAGAAACGCTACACGTTTCGTGTTCGGAGCCGCTTTAACCCACTCTGTGGAAGTGCTCAGCATTGGAGTGAATGGAGCCACCCAATCCACTGGGGAAGCAATACTTCAAAAG	-14.5781878790928	0.00186475027812864	-14.2198746154917
GAA	E	G	Mis	NA	682	215	GAACAATCAGTGGATTATAGACATAAGTTCTCCTTGCCTAGTGTGGATGAACAGAAACGCTACACGTTTCGTGTTCGGAGCCGCTTTAACCCACTCTGTGGAAGTGCTCAGCATTGGAGTGAATGGAGCCACCCAATCCACTGGGGAAGCAATACTTCAAAAG	1.18909679855623	0.235523655801289	1.5474100621573
GCA	A	G	Mis	NA	682	215	GAACAATCAGTGGATTATAGACATAAGTTCTCCTTGCCTAGTGTGGATGCACAGAAACGCTACACGTTTCGTGTTCGGAGCCGCTTTAACCCACTCTGTGGAAGTGCTCAGCATTGGAGTGAATGGAGCCACCCAATCCACTGGGGAAGCAATACTTCAAAAG	0.442503161246184	0.751106584052515	0.800816424847257
GTA	V	G	Mis	NA	682	215	GAACAATCAGTGGATTATAGACATAAGTTCTCCTTGCCTAGTGTGGATGTACAGAAACGCTACACGTTTCGTGTTCGGAGCCGCTTTAACCCACTCTGTGGAAGTGCTCAGCATTGGAGTGAATGGAGCCACCCAATCCACTGGGGAAGCAATACTTCAAAAG	0.781265483076083	0.603935803218692	1.13957874667716
GGC	G	G	Syn	NA	683	215	GAACAATCAGTGGATTATAGACATAAGTTCTCCTTGCCTAGTGTGGATGGCCAGAAACGCTACACGTTTCGTGTTCGGAGCCGCTTTAACCCACTCTGTGGAAGTGCTCAGCATTGGAGTGAATGGAGCCACCCAATCCACTGGGGAAGCAATACTTCAAAAG	2.52772313978364	0.000101632346372425	2.88603640338471
GGG	G	G	Syn	NA	683	215	GAACAATCAGTGGATTATAGACATAAGTTCTCCTTGCCTAGTGTGGATGGGCAGAAACGCTACACGTTTCGTGTTCGGAGCCGCTTTAACCCACTCTGTGGAAGTGCTCAGCATTGGAGTGAATGGAGCCACCCAATCCACTGGGGAAGCAATACTTCAAAAG	6.83315489900242	2.54118041933973e-35	7.19146816260349
GGT	G	G	Syn	NA	683	215	GAACAATCAGTGGATTATAGACATAAGTTCTCCTTGCCTAGTGTGGATGGTCAGAAACGCTACACGTTTCGTGTTCGGAGCCGCTTTAACCCACTCTGTGGAAGTGCTCAGCATTGGAGTGAATGGAGCCACCCAATCCACTGGGGAAGCAATACTTCAAAAG	4.53043183819273	2.19686281459155e-17	4.8887451017938
AAG	K	Q	Mis	NA	684	216	GAACAATCAGTGGATTATAGACATAAGTTCTCCTTGCCTAGTGTGGATGGAAAGAAACGCTACACGTTTCGTGTTCGGAGCCGCTTTAACCCACTCTGTGGAAGTGCTCAGCATTGGAGTGAATGGAGCCACCCAATCCACTGGGGAAGCAATACTTCAAAAG	-1.05854931190768	0.598495983913476	-0.700236048306607
GAG	E	Q	Mis	NA	684	216	GAACAATCAGTGGATTATAGACATAAGTTCTCCTTGCCTAGTGTGGATGGAGAGAAACGCTACACGTTTCGTGTTCGGAGCCGCTTTAACCCACTCTGTGGAAGTGCTCAGCATTGGAGTGAATGGAGCCACCCAATCCACTGGGGAAGCAATACTTCAAAAG	0.886107581011784	0.477494528810891	1.24442084461286
TAG	*	Q	Non	X-SCID HMGD	684	216	GAACAATCAGTGGATTATAGACATAAGTTCTCCTTGCCTAGTGTGGATGGATAGAAACGCTACACGTTTCGTGTTCGGAGCCGCTTTAACCCACTCTGTGGAAGTGCTCAGCATTGGAGTGAATGGAGCCACCCAATCCACTGGGGAAGCAATACTTCAAAAG	-14.2138123949313	0.00288607254889734	-13.8554991313302
CCG	P	Q	Mis	NA	685	216	GAACAATCAGTGGATTATAGACATAAGTTCTCCTTGCCTAGTGTGGATGGACCGAAACGCTACACGTTTCGTGTTCGGAGCCGCTTTAACCCACTCTGTGGAAGTGCTCAGCATTGGAGTGAATGGAGCCACCCAATCCACTGGGGAAGCAATACTTCAAAAG	-0.439958531961214	0.900508019530344	-0.081645268360141
CGG	R	Q	Mis	NA	685	216	GAACAATCAGTGGATTATAGACATAAGTTCTCCTTGCCTAGTGTGGATGGACGGAAACGCTACACGTTTCGTGTTCGGAGCCGCTTTAACCCACTCTGTGGAAGTGCTCAGCATTGGAGTGAATGGAGCCACCCAATCCACTGGGGAAGCAATACTTCAAAAG	-0.137480777619843	0.989093572856611	0.22083248598123
CTG	L	Q	Mis	NA	685	216	GAACAATCAGTGGATTATAGACATAAGTTCTCCTTGCCTAGTGTGGATGGACTGAAACGCTACACGTTTCGTGTTCGGAGCCGCTTTAACCCACTCTGTGGAAGTGCTCAGCATTGGAGTGAATGGAGCCACCCAATCCACTGGGGAAGCAATACTTCAAAAG	0.992380444313161	0.370011020121881	1.35069370791423
CAA	Q	Q	Syn	NA	686	216	GAACAATCAGTGGATTATAGACATAAGTTCTCCTTGCCTAGTGTGGATGGACAAAAACGCTACACGTTTCGTGTTCGGAGCCGCTTTAACCCACTCTGTGGAAGTGCTCAGCATTGGAGTGAATGGAGCCACCCAATCCACTGGGGAAGCAATACTTCAAAAG	-0.809128338331244	0.704152431232294	-0.450815074730171
CAC	H	Q	Mis	NA	686	216	GAACAATCAGTGGATTATAGACATAAGTTCTCCTTGCCTAGTGTGGATGGACACAAACGCTACACGTTTCGTGTTCGGAGCCGCTTTAACCCACTCTGTGGAAGTGCTCAGCATTGGAGTGAATGGAGCCACCCAATCCACTGGGGAAGCAATACTTCAAAAG	2.34079038355023	0.00217185312841093	2.6991036471513
CAT	H	Q	Mis	NA	686	216	GAACAATCAGTGGATTATAGACATAAGTTCTCCTTGCCTAGTGTGGATGGACATAAACGCTACACGTTTCGTGTTCGGAGCCGCTTTAACCCACTCTGTGGAAGTGCTCAGCATTGGAGTGAATGGAGCCACCCAATCCACTGGGGAAGCAATACTTCAAAAG	-14.3212430569944	0.00260623562780619	-13.9629297933933
CAA	Q	K	Mis	NA	687	217	GAACAATCAGTGGATTATAGACATAAGTTCTCCTTGCCTAGTGTGGATGGACAGCAACGCTACACGTTTCGTGTTCGGAGCCGCTTTAACCCACTCTGTGGAAGTGCTCAGCATTGGAGTGAATGGAGCCACCCAATCCACTGGGGAAGCAATACTTCAAAAG	0.880864385910908	0.570769802143011	1.23917764951198
GAA	E	K	Mis	NA	687	217	GAACAATCAGTGGATTATAGACATAAGTTCTCCTTGCCTAGTGTGGATGGACAGGAACGCTACACGTTTCGTGTTCGGAGCCGCTTTAACCCACTCTGTGGAAGTGCTCAGCATTGGAGTGAATGGAGCCACCCAATCCACTGGGGAAGCAATACTTCAAAAG	0.0187298950224281	0.999402229545001	0.377043158623501
TAA	*	K	Non	NA	687	217	GAACAATCAGTGGATTATAGACATAAGTTCTCCTTGCCTAGTGTGGATGGACAGTAACGCTACACGTTTCGTGTTCGGAGCCGCTTTAACCCACTCTGTGGAAGTGCTCAGCATTGGAGTGAATGGAGCCACCCAATCCACTGGGGAAGCAATACTTCAAAAG	-14.3884822680875	0.00243945985437871	-14.0301690044864
ACA	T	K	Mis	NA	688	217	GAACAATCAGTGGATTATAGACATAAGTTCTCCTTGCCTAGTGTGGATGGACAGACACGCTACACGTTTCGTGTTCGGAGCCGCTTTAACCCACTCTGTGGAAGTGCTCAGCATTGGAGTGAATGGAGCCACCCAATCCACTGGGGAAGCAATACTTCAAAAG	-1.84932488540548	0.37905256250539	-1.49101162180441
AGA	R	K	Mis	NA	688	217	GAACAATCAGTGGATTATAGACATAAGTTCTCCTTGCCTAGTGTGGATGGACAGAGACGCTACACGTTTCGTGTTCGGAGCCGCTTTAACCCACTCTGTGGAAGTGCTCAGCATTGGAGTGAATGGAGCCACCCAATCCACTGGGGAAGCAATACTTCAAAAG	-1.05578872389993	0.746939167893886	-0.697475460298857
ATA	I	K	Mis	NA	688	217	GAACAATCAGTGGATTATAGACATAAGTTCTCCTTGCCTAGTGTGGATGGACAGATACGCTACACGTTTCGTGTTCGGAGCCGCTTTAACCCACTCTGTGGAAGTGCTCAGCATTGGAGTGAATGGAGCCACCCAATCCACTGGGGAAGCAATACTTCAAAAG	-1.2607525751657	0.648511653358307	-0.902439311564627
AAC	N	K	Mis	NA	689	217	GAACAATCAGTGGATTATAGACATAAGTTCTCCTTGCCTAGTGTGGATGGACAGAACCGCTACACGTTTCGTGTTCGGAGCCGCTTTAACCCACTCTGTGGAAGTGCTCAGCATTGGAGTGAATGGAGCCACCCAATCCACTGGGGAAGCAATACTTCAAAAG	0.432440069236371	0.775890287089155	0.790753332837444
AAG	K	K	Syn	NA	689	217	GAACAATCAGTGGATTATAGACATAAGTTCTCCTTGCCTAGTGTGGATGGACAGAAGCGCTACACGTTTCGTGTTCGGAGCCGCTTTAACCCACTCTGTGGAAGTGCTCAGCATTGGAGTGAATGGAGCCACCCAATCCACTGGGGAAGCAATACTTCAAAAG	-0.39201292572901	0.876602508020617	-0.033699662127937
AAT	N	K	Mis	NA	689	217	GAACAATCAGTGGATTATAGACATAAGTTCTCCTTGCCTAGTGTGGATGGACAGAATCGCTACACGTTTCGTGTTCGGAGCCGCTTTAACCCACTCTGTGGAAGTGCTCAGCATTGGAGTGAATGGAGCCACCCAATCCACTGGGGAAGCAATACTTCAAAAG	-14.3271548847346	0.00260623562780619	-13.9688416211335
AGC	S	R	Mis	NA	690	218	GAACAATCAGTGGATTATAGACATAAGTTCTCCTTGCCTAGTGTGGATGGACAGAAAAGCTACACGTTTCGTGTTCGGAGCCGCTTTAACCCACTCTGTGGAAGTGCTCAGCATTGGAGTGAATGGAGCCACCCAATCCACTGGGGAAGCAATACTTCAAAAG	-13.9354562600514	0.00423988266863536	-13.5771429964503
GGC	G	R	Mis	NA	690	218	GAACAATCAGTGGATTATAGACATAAGTTCTCCTTGCCTAGTGTGGATGGACAGAAAGGCTACACGTTTCGTGTTCGGAGCCGCTTTAACCCACTCTGTGGAAGTGCTCAGCATTGGAGTGAATGGAGCCACCCAATCCACTGGGGAAGCAATACTTCAAAAG	-0.446844506953708	0.900508019530344	-0.088531243352635
TGC	C	R	Mis	NA	690	218	GAACAATCAGTGGATTATAGACATAAGTTCTCCTTGCCTAGTGTGGATGGACAGAAATGCTACACGTTTCGTGTTCGGAGCCGCTTTAACCCACTCTGTGGAAGTGCTCAGCATTGGAGTGAATGGAGCCACCCAATCCACTGGGGAAGCAATACTTCAAAAG	1.17200630145903	0.31020188327759	1.5303195650601
CAC	H	R	Mis	Benign	691	218	GAACAATCAGTGGATTATAGACATAAGTTCTCCTTGCCTAGTGTGGATGGACAGAAACACTACACGTTTCGTGTTCGGAGCCGCTTTAACCCACTCTGTGGAAGTGCTCAGCATTGGAGTGAATGGAGCCACCCAATCCACTGGGGAAGCAATACTTCAAAAG	0.602862740737682	0.689853728820477	0.961176004338755
CCC	P	R	Mis	NA	691	218	GAACAATCAGTGGATTATAGACATAAGTTCTCCTTGCCTAGTGTGGATGGACAGAAACCCTACACGTTTCGTGTTCGGAGCCGCTTTAACCCACTCTGTGGAAGTGCTCAGCATTGGAGTGAATGGAGCCACCCAATCCACTGGGGAAGCAATACTTCAAAAG	0.512996800992804	0.725793992575118	0.871310064593877
CTC	L	R	Mis	NA	691	218	GAACAATCAGTGGATTATAGACATAAGTTCTCCTTGCCTAGTGTGGATGGACAGAAACTCTACACGTTTCGTGTTCGGAGCCGCTTTAACCCACTCTGTGGAAGTGCTCAGCATTGGAGTGAATGGAGCCACCCAATCCACTGGGGAAGCAATACTTCAAAAG	-1.06482946674493	0.599578255519103	-0.706516203143857
CGA	R	R	Syn	NA	692	218	GAACAATCAGTGGATTATAGACATAAGTTCTCCTTGCCTAGTGTGGATGGACAGAAACGATACACGTTTCGTGTTCGGAGCCGCTTTAACCCACTCTGTGGAAGTGCTCAGCATTGGAGTGAATGGAGCCACCCAATCCACTGGGGAAGCAATACTTCAAAAG	-14.0119011898449	0.00367503126341012	-13.6535879262438
CGG	R	R	Syn	NA	692	218	GAACAATCAGTGGATTATAGACATAAGTTCTCCTTGCCTAGTGTGGATGGACAGAAACGGTACACGTTTCGTGTTCGGAGCCGCTTTAACCCACTCTGTGGAAGTGCTCAGCATTGGAGTGAATGGAGCCACCCAATCCACTGGGGAAGCAATACTTCAAAAG	0.596575627855117	0.670562889055334	0.95488889145619
CGT	R	R	Syn	VUS	692	218	GAACAATCAGTGGATTATAGACATAAGTTCTCCTTGCCTAGTGTGGATGGACAGAAACGTTACACGTTTCGTGTTCGGAGCCGCTTTAACCCACTCTGTGGAAGTGCTCAGCATTGGAGTGAATGGAGCCACCCAATCCACTGGGGAAGCAATACTTCAAAAG	-1.64056357643017	0.501183867184725	-1.2822503128291
AAC	N	Y	Mis	X-SCID HMGD	693	219	GAACAATCAGTGGATTATAGACATAAGTTCTCCTTGCCTAGTGTGGATGGACAGAAACGCAACACGTTTCGTGTTCGGAGCCGCTTTAACCCACTCTGTGGAAGTGCTCAGCATTGGAGTGAATGGAGCCACCCAATCCACTGGGGAAGCAATACTTCAAAAG	-14.9633351026445	0.000822466581237066	-14.6050218390434
CAC	H	Y	Mis	Benign	693	219	GAACAATCAGTGGATTATAGACATAAGTTCTCCTTGCCTAGTGTGGATGGACAGAAACGCCACACGTTTCGTGTTCGGAGCCGCTTTAACCCACTCTGTGGAAGTGCTCAGCATTGGAGTGAATGGAGCCACCCAATCCACTGGGGAAGCAATACTTCAAAAG	0.637987209618201	0.670562889055334	0.996300473219274
GAC	D	Y	Mis	NA	693	219	GAACAATCAGTGGATTATAGACATAAGTTCTCCTTGCCTAGTGTGGATGGACAGAAACGCGACACGTTTCGTGTTCGGAGCCGCTTTAACCCACTCTGTGGAAGTGCTCAGCATTGGAGTGAATGGAGCCACCCAATCCACTGGGGAAGCAATACTTCAAAAG	-14.4547854360652	0.00217185312841093	-14.0964721724641
TCC	S	Y	Mis	NA	694	219	GAACAATCAGTGGATTATAGACATAAGTTCTCCTTGCCTAGTGTGGATGGACAGAAACGCTCCACGTTTCGTGTTCGGAGCCGCTTTAACCCACTCTGTGGAAGTGCTCAGCATTGGAGTGAATGGAGCCACCCAATCCACTGGGGAAGCAATACTTCAAAAG	-1.77521831059639	0.424554155506438	-1.41690504699532
TGC	C	Y	Mis	NA	694	219	GAACAATCAGTGGATTATAGACATAAGTTCTCCTTGCCTAGTGTGGATGGACAGAAACGCTGCACGTTTCGTGTTCGGAGCCGCTTTAACCCACTCTGTGGAAGTGCTCAGCATTGGAGTGAATGGAGCCACCCAATCCACTGGGGAAGCAATACTTCAAAAG	-1.53078694996586	0.555594134331026	-1.17247368636479
TTC	F	Y	Mis	NA	694	219	GAACAATCAGTGGATTATAGACATAAGTTCTCCTTGCCTAGTGTGGATGGACAGAAACGCTTCACGTTTCGTGTTCGGAGCCGCTTTAACCCACTCTGTGGAAGTGCTCAGCATTGGAGTGAATGGAGCCACCCAATCCACTGGGGAAGCAATACTTCAAAAG	-0.0941316502323527	0.991969642816347	0.26418161336872
TAA	*	Y	Non	NA	695	219	GAACAATCAGTGGATTATAGACATAAGTTCTCCTTGCCTAGTGTGGATGGACAGAAACGCTAAACGTTTCGTGTTCGGAGCCGCTTTAACCCACTCTGTGGAAGTGCTCAGCATTGGAGTGAATGGAGCCACCCAATCCACTGGGGAAGCAATACTTCAAAAG	-13.7084030475574	0.00540007686239683	-13.3500897839563
TAG	*	Y	Non	NA	695	219	GAACAATCAGTGGATTATAGACATAAGTTCTCCTTGCCTAGTGTGGATGGACAGAAACGCTAGACGTTTCGTGTTCGGAGCCGCTTTAACCCACTCTGTGGAAGTGCTCAGCATTGGAGTGAATGGAGCCACCCAATCCACTGGGGAAGCAATACTTCAAAAG	-14.1443990170826	0.00288607254889734	-13.7860857534815
TAT	Y	Y	Syn	NA	695	219	GAACAATCAGTGGATTATAGACATAAGTTCTCCTTGCCTAGTGTGGATGGACAGAAACGCTATACGTTTCGTGTTCGGAGCCGCTTTAACCCACTCTGTGGAAGTGCTCAGCATTGGAGTGAATGGAGCCACCCAATCCACTGGGGAAGCAATACTTCAAAAG	-0.358313263601073	0.937535281854402	0
CCG	P	T	Mis	NA	696	220	GAACAATCAGTGGATTATAGACATAAGTTCTCCTTGCCTAGTGTGGATGGACAGAAACGCTACCCGTTTCGTGTTCGGAGCCGCTTTAACCCACTCTGTGGAAGTGCTCAGCATTGGAGTGAATGGAGCCACCCAATCCACTGGGGAAGCAATACTTCAAAAG	-14.1991508884825	0.00281059346936627	-13.8408376248814
GCG	A	T	Mis	NA	696	220	GAACAATCAGTGGATTATAGACATAAGTTCTCCTTGCCTAGTGTGGATGGACAGAAACGCTACGCGTTTCGTGTTCGGAGCCGCTTTAACCCACTCTGTGGAAGTGCTCAGCATTGGAGTGAATGGAGCCACCCAATCCACTGGGGAAGCAATACTTCAAAAG	1.15303537097132	0.501183867184725	1.51134863457239
TCG	S	T	Mis	NA	696	220	GAACAATCAGTGGATTATAGACATAAGTTCTCCTTGCCTAGTGTGGATGGACAGAAACGCTACTCGTTTCGTGTTCGGAGCCGCTTTAACCCACTCTGTGGAAGTGCTCAGCATTGGAGTGAATGGAGCCACCCAATCCACTGGGGAAGCAATACTTCAAAAG	1.46157468254327	0.153030038886298	1.81988794614434
AAG	K	T	Mis	NA	697	220	GAACAATCAGTGGATTATAGACATAAGTTCTCCTTGCCTAGTGTGGATGGACAGAAACGCTACAAGTTTCGTGTTCGGAGCCGCTTTAACCCACTCTGTGGAAGTGCTCAGCATTGGAGTGAATGGAGCCACCCAATCCACTGGGGAAGCAATACTTCAAAAG	0.472281617453221	0.791466360520887	0.830594881054294
AGG	R	T	Mis	NA	697	220	GAACAATCAGTGGATTATAGACATAAGTTCTCCTTGCCTAGTGTGGATGGACAGAAACGCTACAGGTTTCGTGTTCGGAGCCGCTTTAACCCACTCTGTGGAAGTGCTCAGCATTGGAGTGAATGGAGCCACCCAATCCACTGGGGAAGCAATACTTCAAAAG	0.865086760741134	0.570769802143011	1.22340002434221
ATG	M	T	Mis	Benign	697	220	GAACAATCAGTGGATTATAGACATAAGTTCTCCTTGCCTAGTGTGGATGGACAGAAACGCTACATGTTTCGTGTTCGGAGCCGCTTTAACCCACTCTGTGGAAGTGCTCAGCATTGGAGTGAATGGAGCCACCCAATCCACTGGGGAAGCAATACTTCAAAAG	-0.189586122824911	0.989093572856611	0.168727140776162
ACA	T	T	Syn	Benign	698	220	GAACAATCAGTGGATTATAGACATAAGTTCTCCTTGCCTAGTGTGGATGGACAGAAACGCTACACATTTCGTGTTCGGAGCCGCTTTAACCCACTCTGTGGAAGTGCTCAGCATTGGAGTGAATGGAGCCACCCAATCCACTGGGGAAGCAATACTTCAAAAG	-13.8047644778332	0.0051372571096554	-13.4464512142321
ACC	T	T	Syn	NA	698	220	GAACAATCAGTGGATTATAGACATAAGTTCTCCTTGCCTAGTGTGGATGGACAGAAACGCTACACCTTTCGTGTTCGGAGCCGCTTTAACCCACTCTGTGGAAGTGCTCAGCATTGGAGTGAATGGAGCCACCCAATCCACTGGGGAAGCAATACTTCAAAAG	-13.9989093847092	0.00391080227312105	-13.6405961211081
ACT	T	T	Syn	NA	698	220	GAACAATCAGTGGATTATAGACATAAGTTCTCCTTGCCTAGTGTGGATGGACAGAAACGCTACACTTTTCGTGTTCGGAGCCGCTTTAACCCACTCTGTGGAAGTGCTCAGCATTGGAGTGAATGGAGCCACCCAATCCACTGGGGAAGCAATACTTCAAAAG	-0.178601525066095	0.986411933634474	0.179711738534978
ATT	I	F	Mis	NA	699	221	GAACAATCAGTGGATTATAGACATAAGTTCTCCTTGCCTAGTGTGGATGGACAGAAACGCTACACGATTCGTGTTCGGAGCCGCTTTAACCCACTCTGTGGAAGTGCTCAGCATTGGAGTGAATGGAGCCACCCAATCCACTGGGGAAGCAATACTTCAAAAG	0.673644298282846	0.634961541057974	1.03195756188392
CTT	L	F	Mis	NA	699	221	GAACAATCAGTGGATTATAGACATAAGTTCTCCTTGCCTAGTGTGGATGGACAGAAACGCTACACGCTTCGTGTTCGGAGCCGCTTTAACCCACTCTGTGGAAGTGCTCAGCATTGGAGTGAATGGAGCCACCCAATCCACTGGGGAAGCAATACTTCAAAAG	0.653373928986391	0.642036732706007	1.01168719258746
GTT	V	F	Mis	NA	699	221	GAACAATCAGTGGATTATAGACATAAGTTCTCCTTGCCTAGTGTGGATGGACAGAAACGCTACACGGTTCGTGTTCGGAGCCGCTTTAACCCACTCTGTGGAAGTGCTCAGCATTGGAGTGAATGGAGCCACCCAATCCACTGGGGAAGCAATACTTCAAAAG	-1.13962153870014	0.555594134331026	-0.781308275099067
TAT	Y	F	Mis	NA	700	221	GAACAATCAGTGGATTATAGACATAAGTTCTCCTTGCCTAGTGTGGATGGACAGAAACGCTACACGTATCGTGTTCGGAGCCGCTTTAACCCACTCTGTGGAAGTGCTCAGCATTGGAGTGAATGGAGCCACCCAATCCACTGGGGAAGCAATACTTCAAAAG	-0.0480042597689661	1	0.310309003832107
TCT	S	F	Mis	X-SCID	700	221	GAACAATCAGTGGATTATAGACATAAGTTCTCCTTGCCTAGTGTGGATGGACAGAAACGCTACACGTCTCGTGTTCGGAGCCGCTTTAACCCACTCTGTGGAAGTGCTCAGCATTGGAGTGAATGGAGCCACCCAATCCACTGGGGAAGCAATACTTCAAAAG	-14.5836073435229	0.00178070266752163	-14.2252940799218
TGT	C	F	Mis	NA	700	221	GAACAATCAGTGGATTATAGACATAAGTTCTCCTTGCCTAGTGTGGATGGACAGAAACGCTACACGTGTCGTGTTCGGAGCCGCTTTAACCCACTCTGTGGAAGTGCTCAGCATTGGAGTGAATGGAGCCACCCAATCCACTGGGGAAGCAATACTTCAAAAG	-0.0915860944132861	0.991253820892464	0.266727169187787
TTA	L	F	Mis	NA	701	221	GAACAATCAGTGGATTATAGACATAAGTTCTCCTTGCCTAGTGTGGATGGACAGAAACGCTACACGTTACGTGTTCGGAGCCGCTTTAACCCACTCTGTGGAAGTGCTCAGCATTGGAGTGAATGGAGCCACCCAATCCACTGGGGAAGCAATACTTCAAAAG	2.01869070026338	0.08314652675677	2.37700396386445
TTC	F	F	Syn	NA	701	221	GAACAATCAGTGGATTATAGACATAAGTTCTCCTTGCCTAGTGTGGATGGACAGAAACGCTACACGTTCCGTGTTCGGAGCCGCTTTAACCCACTCTGTGGAAGTGCTCAGCATTGGAGTGAATGGAGCCACCCAATCCACTGGGGAAGCAATACTTCAAAAG	-14.1886747608458	0.00288607254889734	-13.8303614972447
TTG	L	F	Mis	NA	701	221	GAACAATCAGTGGATTATAGACATAAGTTCTCCTTGCCTAGTGTGGATGGACAGAAACGCTACACGTTGCGTGTTCGGAGCCGCTTTAACCCACTCTGTGGAAGTGCTCAGCATTGGAGTGAATGGAGCCACCCAATCCACTGGGGAAGCAATACTTCAAAAG	0.693951041571997	0.623475214727556	1.05226430517307
AGT	S	R	Mis	NA	702	222	GAACAATCAGTGGATTATAGACATAAGTTCTCCTTGCCTAGTGTGGATGGACAGAAACGCTACACGTTTAGTGTTCGGAGCCGCTTTAACCCACTCTGTGGAAGTGCTCAGCATTGGAGTGAATGGAGCCACCCAATCCACTGGGGAAGCAATACTTCAAAAG	-14.7291223548451	0.00148623476501775	-14.370809091244
GGT	G	R	Mis	NA	702	222	GAACAATCAGTGGATTATAGACATAAGTTCTCCTTGCCTAGTGTGGATGGACAGAAACGCTACACGTTTGGTGTTCGGAGCCGCTTTAACCCACTCTGTGGAAGTGCTCAGCATTGGAGTGAATGGAGCCACCCAATCCACTGGGGAAGCAATACTTCAAAAG	-14.4356294669939	0.00233449749118413	-14.0773162033928
TGT	C	R	Mis	X-SCID	702	222	GAACAATCAGTGGATTATAGACATAAGTTCTCCTTGCCTAGTGTGGATGGACAGAAACGCTACACGTTTTGTGTTCGGAGCCGCTTTAACCCACTCTGTGGAAGTGCTCAGCATTGGAGTGAATGGAGCCACCCAATCCACTGGGGAAGCAATACTTCAAAAG	-13.5431215415326	0.00749890755217033	-13.1848082779315
CAT	H	R	Mis	NA	703	222	GAACAATCAGTGGATTATAGACATAAGTTCTCCTTGCCTAGTGTGGATGGACAGAAACGCTACACGTTTCATGTTCGGAGCCGCTTTAACCCACTCTGTGGAAGTGCTCAGCATTGGAGTGAATGGAGCCACCCAATCCACTGGGGAAGCAATACTTCAAAAG	-0.116616317815763	0.994025358817841	0.24169694578531
CCT	P	R	Mis	NA	703	222	GAACAATCAGTGGATTATAGACATAAGTTCTCCTTGCCTAGTGTGGATGGACAGAAACGCTACACGTTTCCTGTTCGGAGCCGCTTTAACCCACTCTGTGGAAGTGCTCAGCATTGGAGTGAATGGAGCCACCCAATCCACTGGGGAAGCAATACTTCAAAAG	-13.6120761553022	0.00720905393051836	-13.2537628917011
CTT	L	R	Mis	NA	703	222	GAACAATCAGTGGATTATAGACATAAGTTCTCCTTGCCTAGTGTGGATGGACAGAAACGCTACACGTTTCTTGTTCGGAGCCGCTTTAACCCACTCTGTGGAAGTGCTCAGCATTGGAGTGAATGGAGCCACCCAATCCACTGGGGAAGCAATACTTCAAAAG	-0.702403243672802	0.762216661021862	-0.344089980071729
CGA	R	R	Syn	NA	704	222	GAACAATCAGTGGATTATAGACATAAGTTCTCCTTGCCTAGTGTGGATGGACAGAAACGCTACACGTTTCGAGTTCGGAGCCGCTTTAACCCACTCTGTGGAAGTGCTCAGCATTGGAGTGAATGGAGCCACCCAATCCACTGGGGAAGCAATACTTCAAAAG	2.9540450482989	0.000101632346372425	3.31235831189997
CGC	R	R	Syn	NA	704	222	GAACAATCAGTGGATTATAGACATAAGTTCTCCTTGCCTAGTGTGGATGGACAGAAACGCTACACGTTTCGCGTTCGGAGCCGCTTTAACCCACTCTGTGGAAGTGCTCAGCATTGGAGTGAATGGAGCCACCCAATCCACTGGGGAAGCAATACTTCAAAAG	-13.5580407133274	0.00749890755217033	-13.1997274497263
CGG	R	R	Syn	NA	704	222	GAACAATCAGTGGATTATAGACATAAGTTCTCCTTGCCTAGTGTGGATGGACAGAAACGCTACACGTTTCGGGTTCGGAGCCGCTTTAACCCACTCTGTGGAAGTGCTCAGCATTGGAGTGAATGGAGCCACCCAATCCACTGGGGAAGCAATACTTCAAAAG	-1.29930641203185	0.642036732706007	-0.940993148430777
ATT	I	V	Mis	NA	705	223	GAACAATCAGTGGATTATAGACATAAGTTCTCCTTGCCTAGTGTGGATGGACAGAAACGCTACACGTTTCGTATTCGGAGCCGCTTTAACCCACTCTGTGGAAGTGCTCAGCATTGGAGTGAATGGAGCCACCCAATCCACTGGGGAAGCAATACTTCAAAAG	-0.00315891851086206	1	0.355154345090211
CTT	L	V	Mis	NA	705	223	GAACAATCAGTGGATTATAGACATAAGTTCTCCTTGCCTAGTGTGGATGGACAGAAACGCTACACGTTTCGTCTTCGGAGCCGCTTTAACCCACTCTGTGGAAGTGCTCAGCATTGGAGTGAATGGAGCCACCCAATCCACTGGGGAAGCAATACTTCAAAAG	-0.139749055136176	0.989093572856611	0.218564208464897
TTT	F	V	Mis	X-SCID	705	223	GAACAATCAGTGGATTATAGACATAAGTTCTCCTTGCCTAGTGTGGATGGACAGAAACGCTACACGTTTCGTTTTCGGAGCCGCTTTAACCCACTCTGTGGAAGTGCTCAGCATTGGAGTGAATGGAGCCACCCAATCCACTGGGGAAGCAATACTTCAAAAG	-14.4850666685003	0.00217185312841093	-14.1267534048992
GAT	D	V	Mis	NA	706	223	GAACAATCAGTGGATTATAGACATAAGTTCTCCTTGCCTAGTGTGGATGGACAGAAACGCTACACGTTTCGTGATCGGAGCCGCTTTAACCCACTCTGTGGAAGTGCTCAGCATTGGAGTGAATGGAGCCACCCAATCCACTGGGGAAGCAATACTTCAAAAG	-13.931396226388	0.00434494173060408	-13.5730829627869
GCT	A	V	Mis	NA	706	223	GAACAATCAGTGGATTATAGACATAAGTTCTCCTTGCCTAGTGTGGATGGACAGAAACGCTACACGTTTCGTGCTCGGAGCCGCTTTAACCCACTCTGTGGAAGTGCTCAGCATTGGAGTGAATGGAGCCACCCAATCCACTGGGGAAGCAATACTTCAAAAG	-0.0763300394754471	1	0.281983224125626
GGT	G	V	Mis	NA	706	223	GAACAATCAGTGGATTATAGACATAAGTTCTCCTTGCCTAGTGTGGATGGACAGAAACGCTACACGTTTCGTGGTCGGAGCCGCTTTAACCCACTCTGTGGAAGTGCTCAGCATTGGAGTGAATGGAGCCACCCAATCCACTGGGGAAGCAATACTTCAAAAG	-13.8582367543032	0.00509226217135703	-13.4999234907021
GTA	V	V	Syn	NA	707	223	GAACAATCAGTGGATTATAGACATAAGTTCTCCTTGCCTAGTGTGGATGGACAGAAACGCTACACGTTTCGTGTACGGAGCCGCTTTAACCCACTCTGTGGAAGTGCTCAGCATTGGAGTGAATGGAGCCACCCAATCCACTGGGGAAGCAATACTTCAAAAG	-14.5601339117918	0.00178070266752163	-14.2018206481907
GTC	V	V	Syn	NA	707	223	GAACAATCAGTGGATTATAGACATAAGTTCTCCTTGCCTAGTGTGGATGGACAGAAACGCTACACGTTTCGTGTCCGGAGCCGCTTTAACCCACTCTGTGGAAGTGCTCAGCATTGGAGTGAATGGAGCCACCCAATCCACTGGGGAAGCAATACTTCAAAAG	0.496521584843966	0.745749370135001	0.854834848445039
GTG	V	V	Syn	NA	707	223	GAACAATCAGTGGATTATAGACATAAGTTCTCCTTGCCTAGTGTGGATGGACAGAAACGCTACACGTTTCGTGTGCGGAGCCGCTTTAACCCACTCTGTGGAAGTGCTCAGCATTGGAGTGAATGGAGCCACCCAATCCACTGGGGAAGCAATACTTCAAAAG	0.132424586966699	0.961462464098817	0.490737850567772
AGG	R	R	Syn	NA	708	224	GAACAATCAGTGGATTATAGACATAAGTTCTCCTTGCCTAGTGTGGATGGACAGAAACGCTACACGTTTCGTGTTAGGAGCCGCTTTAACCCACTCTGTGGAAGTGCTCAGCATTGGAGTGAATGGAGCCACCCAATCCACTGGGGAAGCAATACTTCAAAAG	-1.81034677006322	0.396386722129238	-1.45203350646215
GGG	G	R	Mis	NA	708	224	GAACAATCAGTGGATTATAGACATAAGTTCTCCTTGCCTAGTGTGGATGGACAGAAACGCTACACGTTTCGTGTTGGGAGCCGCTTTAACCCACTCTGTGGAAGTGCTCAGCATTGGAGTGAATGGAGCCACCCAATCCACTGGGGAAGCAATACTTCAAAAG	0.0175443505227701	0.993199331757378	0.375857614123843
TGG	W	R	Mis	X-SCID	708	224	GAACAATCAGTGGATTATAGACATAAGTTCTCCTTGCCTAGTGTGGATGGACAGAAACGCTACACGTTTCGTGTTTGGAGCCGCTTTAACCCACTCTGTGGAAGTGCTCAGCATTGGAGTGAATGGAGCCACCCAATCCACTGGGGAAGCAATACTTCAAAAG	-1.77220627705852	0.424554155506438	-1.41389301345745
CAG	Q	R	Mis	NA	709	224	GAACAATCAGTGGATTATAGACATAAGTTCTCCTTGCCTAGTGTGGATGGACAGAAACGCTACACGTTTCGTGTTCAGAGCCGCTTTAACCCACTCTGTGGAAGTGCTCAGCATTGGAGTGAATGGAGCCACCCAATCCACTGGGGAAGCAATACTTCAAAAG	1.32681705706002	0.243654596183212	1.68513032066109
CCG	P	R	Mis	NA	709	224	GAACAATCAGTGGATTATAGACATAAGTTCTCCTTGCCTAGTGTGGATGGACAGAAACGCTACACGTTTCGTGTTCCGAGCCGCTTTAACCCACTCTGTGGAAGTGCTCAGCATTGGAGTGAATGGAGCCACCCAATCCACTGGGGAAGCAATACTTCAAAAG	-14.1868181097136	0.00288607254889734	-13.8285048461125
CTG	L	R	Mis	NA	709	224	GAACAATCAGTGGATTATAGACATAAGTTCTCCTTGCCTAGTGTGGATGGACAGAAACGCTACACGTTTCGTGTTCTGAGCCGCTTTAACCCACTCTGTGGAAGTGCTCAGCATTGGAGTGAATGGAGCCACCCAATCCACTGGGGAAGCAATACTTCAAAAG	-14.4141012031213	0.00224924894222416	-14.0557879395202
CGA	R	R	Syn	NA	710	224	GAACAATCAGTGGATTATAGACATAAGTTCTCCTTGCCTAGTGTGGATGGACAGAAACGCTACACGTTTCGTGTTCGAAGCCGCTTTAACCCACTCTGTGGAAGTGCTCAGCATTGGAGTGAATGGAGCCACCCAATCCACTGGGGAAGCAATACTTCAAAAG	0.344516678924124	0.867630720814828	0.702829942525197
CGC	R	R	Syn	NA	710	224	GAACAATCAGTGGATTATAGACATAAGTTCTCCTTGCCTAGTGTGGATGGACAGAAACGCTACACGTTTCGTGTTCGCAGCCGCTTTAACCCACTCTGTGGAAGTGCTCAGCATTGGAGTGAATGGAGCCACCCAATCCACTGGGGAAGCAATACTTCAAAAG	-1.88423723026229	0.366882617187929	-1.52592396666122
CGT	R	R	Syn	NA	710	224	GAACAATCAGTGGATTATAGACATAAGTTCTCCTTGCCTAGTGTGGATGGACAGAAACGCTACACGTTTCGTGTTCGTAGCCGCTTTAACCCACTCTGTGGAAGTGCTCAGCATTGGAGTGAATGGAGCCACCCAATCCACTGGGGAAGCAATACTTCAAAAG	1.19907845908669	0.341871473239436	1.55739172268776
CGC	R	S	Mis	NA	711	225	GAACAATCAGTGGATTATAGACATAAGTTCTCCTTGCCTAGTGTGGATGGACAGAAACGCTACACGTTTCGTGTTCGGCGCCGCTTTAACCCACTCTGTGGAAGTGCTCAGCATTGGAGTGAATGGAGCCACCCAATCCACTGGGGAAGCAATACTTCAAAAG	-14.017831396262	0.00357690200157137	-13.6595181326609
GGC	G	S	Mis	NA	711	225	GAACAATCAGTGGATTATAGACATAAGTTCTCCTTGCCTAGTGTGGATGGACAGAAACGCTACACGTTTCGTGTTCGGGGCCGCTTTAACCCACTCTGTGGAAGTGCTCAGCATTGGAGTGAATGGAGCCACCCAATCCACTGGGGAAGCAATACTTCAAAAG	-13.919892455544	0.00434494173060408	-13.5615791919429
TGC	C	S	Mis	NA	711	225	GAACAATCAGTGGATTATAGACATAAGTTCTCCTTGCCTAGTGTGGATGGACAGAAACGCTACACGTTTCGTGTTCGGTGCCGCTTTAACCCACTCTGTGGAAGTGCTCAGCATTGGAGTGAATGGAGCCACCCAATCCACTGGGGAAGCAATACTTCAAAAG	1.05202931876597	0.484387885833157	1.41034258236704
AAC	N	S	Mis	NA	712	225	GAACAATCAGTGGATTATAGACATAAGTTCTCCTTGCCTAGTGTGGATGGACAGAAACGCTACACGTTTCGTGTTCGGAACCGCTTTAACCCACTCTGTGGAAGTGCTCAGCATTGGAGTGAATGGAGCCACCCAATCCACTGGGGAAGCAATACTTCAAAAG	-0.496472372756201	0.876602508020617	-0.138159109155128
ACC	T	S	Mis	NA	712	225	GAACAATCAGTGGATTATAGACATAAGTTCTCCTTGCCTAGTGTGGATGGACAGAAACGCTACACGTTTCGTGTTCGGACCCGCTTTAACCCACTCTGTGGAAGTGCTCAGCATTGGAGTGAATGGAGCCACCCAATCCACTGGGGAAGCAATACTTCAAAAG	0.840794688514917	0.543823306847656	1.19910795211599
ATC	I	S	Mis	NA	712	225	GAACAATCAGTGGATTATAGACATAAGTTCTCCTTGCCTAGTGTGGATGGACAGAAACGCTACACGTTTCGTGTTCGGATCCGCTTTAACCCACTCTGTGGAAGTGCTCAGCATTGGAGTGAATGGAGCCACCCAATCCACTGGGGAAGCAATACTTCAAAAG	-14.5932179234773	0.00178070266752163	-14.2349046598762
AGA	R	S	Mis	X-SCID	713	225	GAACAATCAGTGGATTATAGACATAAGTTCTCCTTGCCTAGTGTGGATGGACAGAAACGCTACACGTTTCGTGTTCGGAGACGCTTTAACCCACTCTGTGGAAGTGCTCAGCATTGGAGTGAATGGAGCCACCCAATCCACTGGGGAAGCAATACTTCAAAAG	-14.3308024845039	0.00260623562780619	-13.9724892209028
AGG	R	S	Mis	VUS	713	225	GAACAATCAGTGGATTATAGACATAAGTTCTCCTTGCCTAGTGTGGATGGACAGAAACGCTACACGTTTCGTGTTCGGAGGCGCTTTAACCCACTCTGTGGAAGTGCTCAGCATTGGAGTGAATGGAGCCACCCAATCCACTGGGGAAGCAATACTTCAAAAG	-14.7418236150501	0.00133925289962902	-14.383510351449
AGT	S	S	Syn	NA	713	225	GAACAATCAGTGGATTATAGACATAAGTTCTCCTTGCCTAGTGTGGATGGACAGAAACGCTACACGTTTCGTGTTCGGAGTCGCTTTAACCCACTCTGTGGAAGTGCTCAGCATTGGAGTGAATGGAGCCACCCAATCCACTGGGGAAGCAATACTTCAAAAG	0.263418651007445	0.889373375043959	0.621731914608518
AGC	S	R	Mis	NA	714	226	GAACAATCAGTGGATTATAGACATAAGTTCTCCTTGCCTAGTGTGGATGGACAGAAACGCTACACGTTTCGTGTTCGGAGCAGCTTTAACCCACTCTGTGGAAGTGCTCAGCATTGGAGTGAATGGAGCCACCCAATCCACTGGGGAAGCAATACTTCAAAAG	-15.03078407881	0.000719984530236498	-14.6724708152089
GGC	G	R	Mis	NA	714	226	GAACAATCAGTGGATTATAGACATAAGTTCTCCTTGCCTAGTGTGGATGGACAGAAACGCTACACGTTTCGTGTTCGGAGCGGCTTTAACCCACTCTGTGGAAGTGCTCAGCATTGGAGTGAATGGAGCCACCCAATCCACTGGGGAAGCAATACTTCAAAAG	-2.06448868123225	0.280636101995964	-1.70617541763118
TGC	C	R	Mis	X-SCID	714	226	GAACAATCAGTGGATTATAGACATAAGTTCTCCTTGCCTAGTGTGGATGGACAGAAACGCTACACGTTTCGTGTTCGGAGCTGCTTTAACCCACTCTGTGGAAGTGCTCAGCATTGGAGTGAATGGAGCCACCCAATCCACTGGGGAAGCAATACTTCAAAAG	-14.418063383715	0.00243945985437871	-14.0597501201139
CAC	H	R	Mis	X-SCID	715	226	GAACAATCAGTGGATTATAGACATAAGTTCTCCTTGCCTAGTGTGGATGGACAGAAACGCTACACGTTTCGTGTTCGGAGCCACTTTAACCCACTCTGTGGAAGTGCTCAGCATTGGAGTGAATGGAGCCACCCAATCCACTGGGGAAGCAATACTTCAAAAG	-14.4873312001595	0.00217185312841093	-14.1290179365584
CCC	P	R	Mis	NA	715	226	GAACAATCAGTGGATTATAGACATAAGTTCTCCTTGCCTAGTGTGGATGGACAGAAACGCTACACGTTTCGTGTTCGGAGCCCCTTTAACCCACTCTGTGGAAGTGCTCAGCATTGGAGTGAATGGAGCCACCCAATCCACTGGGGAAGCAATACTTCAAAAG	-14.1412066827765	0.00288607254889734	-13.7828934191754
CTC	L	R	Mis	NA	715	226	GAACAATCAGTGGATTATAGACATAAGTTCTCCTTGCCTAGTGTGGATGGACAGAAACGCTACACGTTTCGTGTTCGGAGCCTCTTTAACCCACTCTGTGGAAGTGCTCAGCATTGGAGTGAATGGAGCCACCCAATCCACTGGGGAAGCAATACTTCAAAAG	1.20092967241209	0.30168048515127	1.55924293601316
CGA	R	R	Syn	NA	716	226	GAACAATCAGTGGATTATAGACATAAGTTCTCCTTGCCTAGTGTGGATGGACAGAAACGCTACACGTTTCGTGTTCGGAGCCGATTTAACCCACTCTGTGGAAGTGCTCAGCATTGGAGTGAATGGAGCCACCCAATCCACTGGGGAAGCAATACTTCAAAAG	1.03166258563115	0.390750096239994	1.38997584923222
CGG	R	R	Syn	NA	716	226	GAACAATCAGTGGATTATAGACATAAGTTCTCCTTGCCTAGTGTGGATGGACAGAAACGCTACACGTTTCGTGTTCGGAGCCGGTTTAACCCACTCTGTGGAAGTGCTCAGCATTGGAGTGAATGGAGCCACCCAATCCACTGGGGAAGCAATACTTCAAAAG	1.34280929749917	0.202090527422297	1.70112256110024
CGT	R	R	Syn	NA	716	226	GAACAATCAGTGGATTATAGACATAAGTTCTCCTTGCCTAGTGTGGATGGACAGAAACGCTACACGTTTCGTGTTCGGAGCCGTTTTAACCCACTCTGTGGAAGTGCTCAGCATTGGAGTGAATGGAGCCACCCAATCCACTGGGGAAGCAATACTTCAAAAG	-13.266111528213	0.0123059167912462	-12.9077982646119
ATT	I	F	Mis	NA	717	227	GAACAATCAGTGGATTATAGACATAAGTTCTCCTTGCCTAGTGTGGATGGACAGAAACGCTACACGTTTCGTGTTCGGAGCCGCATTAACCCACTCTGTGGAAGTGCTCAGCATTGGAGTGAATGGAGCCACCCAATCCACTGGGGAAGCAATACTTCAAAAG	0.864063754070943	0.570769802143011	1.22237701767202
CTT	L	F	Mis	NA	717	227	GAACAATCAGTGGATTATAGACATAAGTTCTCCTTGCCTAGTGTGGATGGACAGAAACGCTACACGTTTCGTGTTCGGAGCCGCCTTAACCCACTCTGTGGAAGTGCTCAGCATTGGAGTGAATGGAGCCACCCAATCCACTGGGGAAGCAATACTTCAAAAG	0.38991418108025	0.832236332906068	0.748227444681323
GTT	V	F	Mis	NA	717	227	GAACAATCAGTGGATTATAGACATAAGTTCTCCTTGCCTAGTGTGGATGGACAGAAACGCTACACGTTTCGTGTTCGGAGCCGCGTTAACCCACTCTGTGGAAGTGCTCAGCATTGGAGTGAATGGAGCCACCCAATCCACTGGGGAAGCAATACTTCAAAAG	-0.216437775724966	0.956435804232788	0.141875487876107
TAT	Y	F	Mis	NA	718	227	GAACAATCAGTGGATTATAGACATAAGTTCTCCTTGCCTAGTGTGGATGGACAGAAACGCTACACGTTTCGTGTTCGGAGCCGCTATAACCCACTCTGTGGAAGTGCTCAGCATTGGAGTGAATGGAGCCACCCAATCCACTGGGGAAGCAATACTTCAAAAG	1.22780660030671	0.218587175715291	1.58611986390778
TCT	S	F	Mis	NA	718	227	GAACAATCAGTGGATTATAGACATAAGTTCTCCTTGCCTAGTGTGGATGGACAGAAACGCTACACGTTTCGTGTTCGGAGCCGCTCTAACCCACTCTGTGGAAGTGCTCAGCATTGGAGTGAATGGAGCCACCCAATCCACTGGGGAAGCAATACTTCAAAAG	-14.4377126875472	0.00224924894222416	-14.0793994239461
TGT	C	F	Mis	X-SCID HMGD	718	227	GAACAATCAGTGGATTATAGACATAAGTTCTCCTTGCCTAGTGTGGATGGACAGAAACGCTACACGTTTCGTGTTCGGAGCCGCTGTAACCCACTCTGTGGAAGTGCTCAGCATTGGAGTGAATGGAGCCACCCAATCCACTGGGGAAGCAATACTTCAAAAG	-14.2999294017033	0.00260623562780619	-13.9416161381022
TTA	L	F	Mis	NA	719	227	GAACAATCAGTGGATTATAGACATAAGTTCTCCTTGCCTAGTGTGGATGGACAGAAACGCTACACGTTTCGTGTTCGGAGCCGCTTAAACCCACTCTGTGGAAGTGCTCAGCATTGGAGTGAATGGAGCCACCCAATCCACTGGGGAAGCAATACTTCAAAAG	-1.48603077311101	0.570769802143011	-1.12771750950994
TTC	F	F	Syn	NA	719	227	GAACAATCAGTGGATTATAGACATAAGTTCTCCTTGCCTAGTGTGGATGGACAGAAACGCTACACGTTTCGTGTTCGGAGCCGCTTCAACCCACTCTGTGGAAGTGCTCAGCATTGGAGTGAATGGAGCCACCCAATCCACTGGGGAAGCAATACTTCAAAAG	-0.553729046809813	0.844014330532634	-0.19541578320874
TTG	L	F	Mis	NA	719	227	GAACAATCAGTGGATTATAGACATAAGTTCTCCTTGCCTAGTGTGGATGGACAGAAACGCTACACGTTTCGTGTTCGGAGCCGCTTGAACCCACTCTGTGGAAGTGCTCAGCATTGGAGTGAATGGAGCCACCCAATCCACTGGGGAAGCAATACTTCAAAAG	-1.73443759654114	0.4420007156552	-1.37612433294007
CAC	H	N	Mis	NA	720	228	GAACAATCAGTGGATTATAGACATAAGTTCTCCTTGCCTAGTGTGGATGGACAGAAACGCTACACGTTTCGTGTTCGGAGCCGCTTTCACCCACTCTGTGGAAGTGCTCAGCATTGGAGTGAATGGAGCCACCCAATCCACTGGGGAAGCAATACTTCAAAAG	-0.838225251479971	0.68710045652227	-0.479911987878898
GAC	D	N	Mis	NA	720	228	GAACAATCAGTGGATTATAGACATAAGTTCTCCTTGCCTAGTGTGGATGGACAGAAACGCTACACGTTTCGTGTTCGGAGCCGCTTTGACCCACTCTGTGGAAGTGCTCAGCATTGGAGTGAATGGAGCCACCCAATCCACTGGGGAAGCAATACTTCAAAAG	-13.3853150930921	0.0105645616873082	-13.027001829491
TAC	Y	N	Mis	NA	720	228	GAACAATCAGTGGATTATAGACATAAGTTCTCCTTGCCTAGTGTGGATGGACAGAAACGCTACACGTTTCGTGTTCGGAGCCGCTTTTACCCACTCTGTGGAAGTGCTCAGCATTGGAGTGAATGGAGCCACCCAATCCACTGGGGAAGCAATACTTCAAAAG	-0.292941484634786	0.97003660891924	0.065371778966287
ACC	T	N	Mis	NA	721	228	GAACAATCAGTGGATTATAGACATAAGTTCTCCTTGCCTAGTGTGGATGGACAGAAACGCTACACGTTTCGTGTTCGGAGCCGCTTTACCCCACTCTGTGGAAGTGCTCAGCATTGGAGTGAATGGAGCCACCCAATCCACTGGGGAAGCAATACTTCAAAAG	-1.29358860904166	0.642036732706007	-0.935275345440587
AGC	S	N	Mis	NA	721	228	GAACAATCAGTGGATTATAGACATAAGTTCTCCTTGCCTAGTGTGGATGGACAGAAACGCTACACGTTTCGTGTTCGGAGCCGCTTTAGCCCACTCTGTGGAAGTGCTCAGCATTGGAGTGAATGGAGCCACCCAATCCACTGGGGAAGCAATACTTCAAAAG	-0.508699375678135	0.867630720814828	-0.150386112077062
ATC	I	N	Mis	NA	721	228	GAACAATCAGTGGATTATAGACATAAGTTCTCCTTGCCTAGTGTGGATGGACAGAAACGCTACACGTTTCGTGTTCGGAGCCGCTTTATCCCACTCTGTGGAAGTGCTCAGCATTGGAGTGAATGGAGCCACCCAATCCACTGGGGAAGCAATACTTCAAAAG	-14.0378823547574	0.00338020334856298	-13.6795690911563
AAA	K	N	Mis	NA	722	228	GAACAATCAGTGGATTATAGACATAAGTTCTCCTTGCCTAGTGTGGATGGACAGAAACGCTACACGTTTCGTGTTCGGAGCCGCTTTAAACCACTCTGTGGAAGTGCTCAGCATTGGAGTGAATGGAGCCACCCAATCCACTGGGGAAGCAATACTTCAAAAG	-13.8504389102849	0.00434494173060408	-13.4921256466838
AAG	K	N	Mis	NA	722	228	GAACAATCAGTGGATTATAGACATAAGTTCTCCTTGCCTAGTGTGGATGGACAGAAACGCTACACGTTTCGTGTTCGGAGCCGCTTTAAGCCACTCTGTGGAAGTGCTCAGCATTGGAGTGAATGGAGCCACCCAATCCACTGGGGAAGCAATACTTCAAAAG	0.546690633533114	0.771271475107405	0.905003897134187
AAT	N	N	Syn	NA	722	228	GAACAATCAGTGGATTATAGACATAAGTTCTCCTTGCCTAGTGTGGATGGACAGAAACGCTACACGTTTCGTGTTCGGAGCCGCTTTAATCCACTCTGTGGAAGTGCTCAGCATTGGAGTGAATGGAGCCACCCAATCCACTGGGGAAGCAATACTTCAAAAG	-1.49900787927949	0.563420344901075	-1.14069461567842
ACA	T	P	Mis	VUS	723	229	GAACAATCAGTGGATTATAGACATAAGTTCTCCTTGCCTAGTGTGGATGGACAGAAACGCTACACGTTTCGTGTTCGGAGCCGCTTTAACACACTCTGTGGAAGTGCTCAGCATTGGAGTGAATGGAGCCACCCAATCCACTGGGGAAGCAATACTTCAAAAG	0.889325259558275	0.477494528810891	1.24763852315935
GCA	A	P	Mis	NA	723	229	GAACAATCAGTGGATTATAGACATAAGTTCTCCTTGCCTAGTGTGGATGGACAGAAACGCTACACGTTTCGTGTTCGGAGCCGCTTTAACGCACTCTGTGGAAGTGCTCAGCATTGGAGTGAATGGAGCCACCCAATCCACTGGGGAAGCAATACTTCAAAAG	-14.295915740965	0.00260623562780619	-13.9376024773639
TCA	S	P	Mis	NA	723	229	GAACAATCAGTGGATTATAGACATAAGTTCTCCTTGCCTAGTGTGGATGGACAGAAACGCTACACGTTTCGTGTTCGGAGCCGCTTTAACTCACTCTGTGGAAGTGCTCAGCATTGGAGTGAATGGAGCCACCCAATCCACTGGGGAAGCAATACTTCAAAAG	-13.5078634274345	0.00720905393051836	-13.1495501638334
CAA	Q	P	Mis	NA	724	229	GAACAATCAGTGGATTATAGACATAAGTTCTCCTTGCCTAGTGTGGATGGACAGAAACGCTACACGTTTCGTGTTCGGAGCCGCTTTAACCAACTCTGTGGAAGTGCTCAGCATTGGAGTGAATGGAGCCACCCAATCCACTGGGGAAGCAATACTTCAAAAG	-1.8320727206768	0.390750096239994	-1.47375945707573
CGA	R	P	Mis	NA	724	229	GAACAATCAGTGGATTATAGACATAAGTTCTCCTTGCCTAGTGTGGATGGACAGAAACGCTACACGTTTCGTGTTCGGAGCCGCTTTAACCGACTCTGTGGAAGTGCTCAGCATTGGAGTGAATGGAGCCACCCAATCCACTGGGGAAGCAATACTTCAAAAG	-14.1062717164446	0.00350909792887483	-13.7479584528435
CTA	L	P	Mis	NA	724	229	GAACAATCAGTGGATTATAGACATAAGTTCTCCTTGCCTAGTGTGGATGGACAGAAACGCTACACGTTTCGTGTTCGGAGCCGCTTTAACCTACTCTGTGGAAGTGCTCAGCATTGGAGTGAATGGAGCCACCCAATCCACTGGGGAAGCAATACTTCAAAAG	2.39904908789975	0.00288607254889734	2.75736235150082
CCC	P	P	Syn	NA	725	229	GAACAATCAGTGGATTATAGACATAAGTTCTCCTTGCCTAGTGTGGATGGACAGAAACGCTACACGTTTCGTGTTCGGAGCCGCTTTAACCCCCTCTGTGGAAGTGCTCAGCATTGGAGTGAATGGAGCCACCCAATCCACTGGGGAAGCAATACTTCAAAAG	-0.153284334316364	0.989093572856611	0.205028929284709
CCG	P	P	Syn	NA	725	229	GAACAATCAGTGGATTATAGACATAAGTTCTCCTTGCCTAGTGTGGATGGACAGAAACGCTACACGTTTCGTGTTCGGAGCCGCTTTAACCCGCTCTGTGGAAGTGCTCAGCATTGGAGTGAATGGAGCCACCCAATCCACTGGGGAAGCAATACTTCAAAAG	0.904936606454184	0.599578255519103	1.26324987005526
CCT	P	P	Syn	NA	725	229	GAACAATCAGTGGATTATAGACATAAGTTCTCCTTGCCTAGTGTGGATGGACAGAAACGCTACACGTTTCGTGTTCGGAGCCGCTTTAACCCTCTCTGTGGAAGTGCTCAGCATTGGAGTGAATGGAGCCACCCAATCCACTGGGGAAGCAATACTTCAAAAG	0.242496520626508	0.900508019530344	0.600809784227581
ATC	I	L	Mis	NA	726	230	GAACAATCAGTGGATTATAGACATAAGTTCTCCTTGCCTAGTGTGGATGGACAGAAACGCTACACGTTTCGTGTTCGGAGCCGCTTTAACCCAATCTGTGGAAGTGCTCAGCATTGGAGTGAATGGAGCCACCCAATCCACTGGGGAAGCAATACTTCAAAAG	-14.7765978156047	0.00133925289962902	-14.4182845520036
GTC	V	L	Mis	NA	726	230	GAACAATCAGTGGATTATAGACATAAGTTCTCCTTGCCTAGTGTGGATGGACAGAAACGCTACACGTTTCGTGTTCGGAGCCGCTTTAACCCAGTCTGTGGAAGTGCTCAGCATTGGAGTGAATGGAGCCACCCAATCCACTGGGGAAGCAATACTTCAAAAG	-1.42701521564128	0.604775235143891	-1.06870195204021
TTC	F	L	Mis	NA	726	230	GAACAATCAGTGGATTATAGACATAAGTTCTCCTTGCCTAGTGTGGATGGACAGAAACGCTACACGTTTCGTGTTCGGAGCCGCTTTAACCCATTCTGTGGAAGTGCTCAGCATTGGAGTGAATGGAGCCACCCAATCCACTGGGGAAGCAATACTTCAAAAG	0.505342752331403	0.818444714781416	0.863656015932476
CAC	H	L	Mis	NA	727	230	GAACAATCAGTGGATTATAGACATAAGTTCTCCTTGCCTAGTGTGGATGGACAGAAACGCTACACGTTTCGTGTTCGGAGCCGCTTTAACCCACACTGTGGAAGTGCTCAGCATTGGAGTGAATGGAGCCACCCAATCCACTGGGGAAGCAATACTTCAAAAG	-14.2817793364443	0.00260623562780619	-13.9234660728432
CCC	P	L	Mis	X-SCID HMGD	727	230	GAACAATCAGTGGATTATAGACATAAGTTCTCCTTGCCTAGTGTGGATGGACAGAAACGCTACACGTTTCGTGTTCGGAGCCGCTTTAACCCACCCTGTGGAAGTGCTCAGCATTGGAGTGAATGGAGCCACCCAATCCACTGGGGAAGCAATACTTCAAAAG	-13.8706262952751	0.00471449251652567	-13.512313031674
CGC	R	L	Mis	NA	727	230	GAACAATCAGTGGATTATAGACATAAGTTCTCCTTGCCTAGTGTGGATGGACAGAAACGCTACACGTTTCGTGTTCGGAGCCGCTTTAACCCACGCTGTGGAAGTGCTCAGCATTGGAGTGAATGGAGCCACCCAATCCACTGGGGAAGCAATACTTCAAAAG	-14.5225978701881	0.00217185312841093	-14.164284606587
CTA	L	L	Syn	NA	728	230	GAACAATCAGTGGATTATAGACATAAGTTCTCCTTGCCTAGTGTGGATGGACAGAAACGCTACACGTTTCGTGTTCGGAGCCGCTTTAACCCACTATGTGGAAGTGCTCAGCATTGGAGTGAATGGAGCCACCCAATCCACTGGGGAAGCAATACTTCAAAAG	2.18224405692517	0.00357690200157137	2.54055732052624
CTG	L	L	Syn	NA	728	230	GAACAATCAGTGGATTATAGACATAAGTTCTCCTTGCCTAGTGTGGATGGACAGAAACGCTACACGTTTCGTGTTCGGAGCCGCTTTAACCCACTGTGTGGAAGTGCTCAGCATTGGAGTGAATGGAGCCACCCAATCCACTGGGGAAGCAATACTTCAAAAG	0.726093127953702	0.699844553170924	1.08440639155478
CTT	L	L	Syn	NA	728	230	GAACAATCAGTGGATTATAGACATAAGTTCTCCTTGCCTAGTGTGGATGGACAGAAACGCTACACGTTTCGTGTTCGGAGCCGCTTTAACCCACTTTGTGGAAGTGCTCAGCATTGGAGTGAATGGAGCCACCCAATCCACTGGGGAAGCAATACTTCAAAAG	-0.960854102100124	0.776356535959165	-0.602540838499051
AGT	S	C	Mis	NA	729	231	GAACAATCAGTGGATTATAGACATAAGTTCTCCTTGCCTAGTGTGGATGGACAGAAACGCTACACGTTTCGTGTTCGGAGCCGCTTTAACCCACTCAGTGGAAGTGCTCAGCATTGGAGTGAATGGAGCCACCCAATCCACTGGGGAAGCAATACTTCAAAAG	-14.0566421746867	0.00367503126341012	-13.6983289110856
CGT	R	C	Mis	X-SCID HMGD	729	231	GAACAATCAGTGGATTATAGACATAAGTTCTCCTTGCCTAGTGTGGATGGACAGAAACGCTACACGTTTCGTGTTCGGAGCCGCTTTAACCCACTCCGTGGAAGTGCTCAGCATTGGAGTGAATGGAGCCACCCAATCCACTGGGGAAGCAATACTTCAAAAG	-1.56915663598699	0.527138246208825	-1.21084337238592
GGT	G	C	Mis	NA	729	231	GAACAATCAGTGGATTATAGACATAAGTTCTCCTTGCCTAGTGTGGATGGACAGAAACGCTACACGTTTCGTGTTCGGAGCCGCTTTAACCCACTCGGTGGAAGTGCTCAGCATTGGAGTGAATGGAGCCACCCAATCCACTGGGGAAGCAATACTTCAAAAG	-13.7807579981464	0.00504192924681961	-13.4224447345453
TAT	Y	C	Mis	X-SCID	730	231	GAACAATCAGTGGATTATAGACATAAGTTCTCCTTGCCTAGTGTGGATGGACAGAAACGCTACACGTTTCGTGTTCGGAGCCGCTTTAACCCACTCTATGGAAGTGCTCAGCATTGGAGTGAATGGAGCCACCCAATCCACTGGGGAAGCAATACTTCAAAAG	-13.5846065035245	0.00634069234342577	-13.2262932399234
TCT	S	C	Mis	X-SCID HMGD	730	231	GAACAATCAGTGGATTATAGACATAAGTTCTCCTTGCCTAGTGTGGATGGACAGAAACGCTACACGTTTCGTGTTCGGAGCCGCTTTAACCCACTCTCTGGAAGTGCTCAGCATTGGAGTGAATGGAGCCACCCAATCCACTGGGGAAGCAATACTTCAAAAG	-14.0136479000256	0.00367503126341012	-13.6553346364245
TTT	F	C	Mis	NA	730	231	GAACAATCAGTGGATTATAGACATAAGTTCTCCTTGCCTAGTGTGGATGGACAGAAACGCTACACGTTTCGTGTTCGGAGCCGCTTTAACCCACTCTTTGGAAGTGCTCAGCATTGGAGTGAATGGAGCCACCCAATCCACTGGGGAAGCAATACTTCAAAAG	-14.1746912839478	0.00288607254889734	-13.8163780203467
TGA	*	C	Non	NA	731	231	GAACAATCAGTGGATTATAGACATAAGTTCTCCTTGCCTAGTGTGGATGGACAGAAACGCTACACGTTTCGTGTTCGGAGCCGCTTTAACCCACTCTGAGGAAGTGCTCAGCATTGGAGTGAATGGAGCCACCCAATCCACTGGGGAAGCAATACTTCAAAAG	-0.912981780184156	0.67106964974105	-0.554668516583083
TGC	C	C	Syn	NA	731	231	GAACAATCAGTGGATTATAGACATAAGTTCTCCTTGCCTAGTGTGGATGGACAGAAACGCTACACGTTTCGTGTTCGGAGCCGCTTTAACCCACTCTGCGGAAGTGCTCAGCATTGGAGTGAATGGAGCCACCCAATCCACTGGGGAAGCAATACTTCAAAAG	0.890543338047085	0.600904767798234	1.24885660164816
TGG	W	C	Mis	NA	731	231	GAACAATCAGTGGATTATAGACATAAGTTCTCCTTGCCTAGTGTGGATGGACAGAAACGCTACACGTTTCGTGTTCGGAGCCGCTTTAACCCACTCTGGGGAAGTGCTCAGCATTGGAGTGAATGGAGCCACCCAATCCACTGGGGAAGCAATACTTCAAAAG	-13.8003188839602	0.0051372571096554	-13.4420056203591
AGA	R	G	Mis	VUS	732	232	GAACAATCAGTGGATTATAGACATAAGTTCTCCTTGCCTAGTGTGGATGGACAGAAACGCTACACGTTTCGTGTTCGGAGCCGCTTTAACCCACTCTGTAGAAGTGCTCAGCATTGGAGTGAATGGAGCCACCCAATCCACTGGGGAAGCAATACTTCAAAAG	-14.2168482108553	0.00288607254889734	-13.8585349472542
CGA	R	G	Mis	X-SCID HMGD	732	232	GAACAATCAGTGGATTATAGACATAAGTTCTCCTTGCCTAGTGTGGATGGACAGAAACGCTACACGTTTCGTGTTCGGAGCCGCTTTAACCCACTCTGTCGAAGTGCTCAGCATTGGAGTGAATGGAGCCACCCAATCCACTGGGGAAGCAATACTTCAAAAG	-13.6294955151893	0.00665145688091583	-13.2711822515882
TGA	*	G	Non	NA	732	232	GAACAATCAGTGGATTATAGACATAAGTTCTCCTTGCCTAGTGTGGATGGACAGAAACGCTACACGTTTCGTGTTCGGAGCCGCTTTAACCCACTCTGTTGAAGTGCTCAGCATTGGAGTGAATGGAGCCACCCAATCCACTGGGGAAGCAATACTTCAAAAG	-14.1787448957763	0.00288607254889734	-13.8204316321752
GAA	E	G	Mis	X-SCID HMGD	733	232	GAACAATCAGTGGATTATAGACATAAGTTCTCCTTGCCTAGTGTGGATGGACAGAAACGCTACACGTTTCGTGTTCGGAGCCGCTTTAACCCACTCTGTGAAAGTGCTCAGCATTGGAGTGAATGGAGCCACCCAATCCACTGGGGAAGCAATACTTCAAAAG	-1.32718726603801	0.634961541057974	-0.968874002436937
GCA	A	G	Mis	NA	733	232	GAACAATCAGTGGATTATAGACATAAGTTCTCCTTGCCTAGTGTGGATGGACAGAAACGCTACACGTTTCGTGTTCGGAGCCGCTTTAACCCACTCTGTGCAAGTGCTCAGCATTGGAGTGAATGGAGCCACCCAATCCACTGGGGAAGCAATACTTCAAAAG	-0.28336302522	0.946736730464608	0.074950238381073
GTA	V	G	Mis	NA	733	232	GAACAATCAGTGGATTATAGACATAAGTTCTCCTTGCCTAGTGTGGATGGACAGAAACGCTACACGTTTCGTGTTCGGAGCCGCTTTAACCCACTCTGTGTAAGTGCTCAGCATTGGAGTGAATGGAGCCACCCAATCCACTGGGGAAGCAATACTTCAAAAG	-13.9570399300426	0.0039640256103033	-13.5987266664415
GGC	G	G	Syn	NA	734	232	GAACAATCAGTGGATTATAGACATAAGTTCTCCTTGCCTAGTGTGGATGGACAGAAACGCTACACGTTTCGTGTTCGGAGCCGCTTTAACCCACTCTGTGGCAGTGCTCAGCATTGGAGTGAATGGAGCCACCCAATCCACTGGGGAAGCAATACTTCAAAAG	0.517810330869506	0.751106584052515	0.876123594470579
GGG	G	G	Syn	NA	734	232	GAACAATCAGTGGATTATAGACATAAGTTCTCCTTGCCTAGTGTGGATGGACAGAAACGCTACACGTTTCGTGTTCGGAGCCGCTTTAACCCACTCTGTGGGAGTGCTCAGCATTGGAGTGAATGGAGCCACCCAATCCACTGGGGAAGCAATACTTCAAAAG	-14.5962518609441	0.00178070266752163	-14.237938597343
GGT	G	G	Syn	NA	734	232	GAACAATCAGTGGATTATAGACATAAGTTCTCCTTGCCTAGTGTGGATGGACAGAAACGCTACACGTTTCGTGTTCGGAGCCGCTTTAACCCACTCTGTGGTAGTGCTCAGCATTGGAGTGAATGGAGCCACCCAATCCACTGGGGAAGCAATACTTCAAAAG	-14.245076896927	0.00260623562780619	-13.8867636333259
CGT	R	S	Mis	NA	735	233	GAACAATCAGTGGATTATAGACATAAGTTCTCCTTGCCTAGTGTGGATGGACAGAAACGCTACACGTTTCGTGTTCGGAGCCGCTTTAACCCACTCTGTGGACGTGCTCAGCATTGGAGTGAATGGAGCCACCCAATCCACTGGGGAAGCAATACTTCAAAAG	-13.8516112771979	0.00434494173060408	-13.4932980135968
GGT	G	S	Mis	NA	735	233	GAACAATCAGTGGATTATAGACATAAGTTCTCCTTGCCTAGTGTGGATGGACAGAAACGCTACACGTTTCGTGTTCGGAGCCGCTTTAACCCACTCTGTGGAGGTGCTCAGCATTGGAGTGAATGGAGCCACCCAATCCACTGGGGAAGCAATACTTCAAAAG	-0.186298161609636	1	0.172015101991437
TGT	C	S	Mis	NA	735	233	GAACAATCAGTGGATTATAGACATAAGTTCTCCTTGCCTAGTGTGGATGGACAGAAACGCTACACGTTTCGTGTTCGGAGCCGCTTTAACCCACTCTGTGGATGTGCTCAGCATTGGAGTGAATGGAGCCACCCAATCCACTGGGGAAGCAATACTTCAAAAG	-0.726654387180365	0.751106584052515	-0.368341123579292
AAT	N	S	Mis	NA	736	233	GAACAATCAGTGGATTATAGACATAAGTTCTCCTTGCCTAGTGTGGATGGACAGAAACGCTACACGTTTCGTGTTCGGAGCCGCTTTAACCCACTCTGTGGAAATGCTCAGCATTGGAGTGAATGGAGCCACCCAATCCACTGGGGAAGCAATACTTCAAAAG	-1.43014565044812	0.604775235143891	-1.07183238684705
ACT	T	S	Mis	NA	736	233	GAACAATCAGTGGATTATAGACATAAGTTCTCCTTGCCTAGTGTGGATGGACAGAAACGCTACACGTTTCGTGTTCGGAGCCGCTTTAACCCACTCTGTGGAACTGCTCAGCATTGGAGTGAATGGAGCCACCCAATCCACTGGGGAAGCAATACTTCAAAAG	-0.935432791566548	0.648511653358307	-0.577119527965475
ATT	I	S	Mis	NA	736	233	GAACAATCAGTGGATTATAGACATAAGTTCTCCTTGCCTAGTGTGGATGGACAGAAACGCTACACGTTTCGTGTTCGGAGCCGCTTTAACCCACTCTGTGGAATTGCTCAGCATTGGAGTGAATGGAGCCACCCAATCCACTGGGGAAGCAATACTTCAAAAG	0.146860219688434	0.974439158616243	0.505173483289507
AGA	R	S	Mis	NA	737	233	GAACAATCAGTGGATTATAGACATAAGTTCTCCTTGCCTAGTGTGGATGGACAGAAACGCTACACGTTTCGTGTTCGGAGCCGCTTTAACCCACTCTGTGGAAGAGCTCAGCATTGGAGTGAATGGAGCCACCCAATCCACTGGGGAAGCAATACTTCAAAAG	-1.56283213644128	0.527138246208825	-1.20451887284021
AGC	S	S	Syn	NA	737	233	GAACAATCAGTGGATTATAGACATAAGTTCTCCTTGCCTAGTGTGGATGGACAGAAACGCTACACGTTTCGTGTTCGGAGCCGCTTTAACCCACTCTGTGGAAGCGCTCAGCATTGGAGTGAATGGAGCCACCCAATCCACTGGGGAAGCAATACTTCAAAAG	0.844402070107178	0.670562889055334	1.20271533370825
AGG	R	S	Mis	NA	737	233	GAACAATCAGTGGATTATAGACATAAGTTCTCCTTGCCTAGTGTGGATGGACAGAAACGCTACACGTTTCGTGTTCGGAGCCGCTTTAACCCACTCTGTGGAAGGGCTCAGCATTGGAGTGAATGGAGCCACCCAATCCACTGGGGAAGCAATACTTCAAAAG	-13.8504389102849	0.00434494173060408	-13.4921256466838
ACT	T	A	Mis	NA	738	234	GAACAATCAGTGGATTATAGACATAAGTTCTCCTTGCCTAGTGTGGATGGACAGAAACGCTACACGTTTCGTGTTCGGAGCCGCTTTAACCCACTCTGTGGAAGTACTCAGCATTGGAGTGAATGGAGCCACCCAATCCACTGGGGAAGCAATACTTCAAAAG	1.23904235173059	0.317052228794538	1.59735561533166
CCT	P	A	Mis	NA	738	234	GAACAATCAGTGGATTATAGACATAAGTTCTCCTTGCCTAGTGTGGATGGACAGAAACGCTACACGTTTCGTGTTCGGAGCCGCTTTAACCCACTCTGTGGAAGTCCTCAGCATTGGAGTGAATGGAGCCACCCAATCCACTGGGGAAGCAATACTTCAAAAG	-14.2110746879663	0.00288607254889734	-13.8527614243652
TCT	S	A	Mis	NA	738	234	GAACAATCAGTGGATTATAGACATAAGTTCTCCTTGCCTAGTGTGGATGGACAGAAACGCTACACGTTTCGTGTTCGGAGCCGCTTTAACCCACTCTGTGGAAGTTCTCAGCATTGGAGTGAATGGAGCCACCCAATCCACTGGGGAAGCAATACTTCAAAAG	-14.0954261871273	0.00305547497498302	-13.7371129235262
GAT	D	A	Mis	NA	739	234	GAACAATCAGTGGATTATAGACATAAGTTCTCCTTGCCTAGTGTGGATGGACAGAAACGCTACACGTTTCGTGTTCGGAGCCGCTTTAACCCACTCTGTGGAAGTGATCAGCATTGGAGTGAATGGAGCCACCCAATCCACTGGGGAAGCAATACTTCAAAAG	-14.8372330658695	0.00115288476400579	-14.4789198022684
GGT	G	A	Mis	NA	739	234	GAACAATCAGTGGATTATAGACATAAGTTCTCCTTGCCTAGTGTGGATGGACAGAAACGCTACACGTTTCGTGTTCGGAGCCGCTTTAACCCACTCTGTGGAAGTGGTCAGCATTGGAGTGAATGGAGCCACCCAATCCACTGGGGAAGCAATACTTCAAAAG	1.17645745455449	0.414868040415259	1.53477071815556
GTT	V	A	Mis	NA	739	234	GAACAATCAGTGGATTATAGACATAAGTTCTCCTTGCCTAGTGTGGATGGACAGAAACGCTACACGTTTCGTGTTCGGAGCCGCTTTAACCCACTCTGTGGAAGTGTTCAGCATTGGAGTGAATGGAGCCACCCAATCCACTGGGGAAGCAATACTTCAAAAG	-14.0848308688582	0.00305547497498302	-13.7265176052571
GCA	A	A	Syn	NA	740	234	GAACAATCAGTGGATTATAGACATAAGTTCTCCTTGCCTAGTGTGGATGGACAGAAACGCTACACGTTTCGTGTTCGGAGCCGCTTTAACCCACTCTGTGGAAGTGCACAGCATTGGAGTGAATGGAGCCACCCAATCCACTGGGGAAGCAATACTTCAAAAG	-13.0945186484463	0.0169990988898557	-12.7362053848452
GCC	A	A	Syn	NA	740	234	GAACAATCAGTGGATTATAGACATAAGTTCTCCTTGCCTAGTGTGGATGGACAGAAACGCTACACGTTTCGTGTTCGGAGCCGCTTTAACCCACTCTGTGGAAGTGCCCAGCATTGGAGTGAATGGAGCCACCCAATCCACTGGGGAAGCAATACTTCAAAAG	-13.4093984792957	0.00940294580327255	-13.0510852156946
GCG	A	A	Syn	NA	740	234	GAACAATCAGTGGATTATAGACATAAGTTCTCCTTGCCTAGTGTGGATGGACAGAAACGCTACACGTTTCGTGTTCGGAGCCGCTTTAACCCACTCTGTGGAAGTGCGCAGCATTGGAGTGAATGGAGCCACCCAATCCACTGGGGAAGCAATACTTCAAAAG	2.52145815554445	0.00178070266752163	2.87977141914552
AAG	K	Q	Mis	NA	741	235	GAACAATCAGTGGATTATAGACATAAGTTCTCCTTGCCTAGTGTGGATGGACAGAAACGCTACACGTTTCGTGTTCGGAGCCGCTTTAACCCACTCTGTGGAAGTGCTAAGCATTGGAGTGAATGGAGCCACCCAATCCACTGGGGAAGCAATACTTCAAAAG	-0.326931031137679	0.950381041999733	0.031382232463394
GAG	E	Q	Mis	NA	741	235	GAACAATCAGTGGATTATAGACATAAGTTCTCCTTGCCTAGTGTGGATGGACAGAAACGCTACACGTTTCGTGTTCGGAGCCGCTTTAACCCACTCTGTGGAAGTGCTGAGCATTGGAGTGAATGGAGCCACCCAATCCACTGGGGAAGCAATACTTCAAAAG	-0.701782636454212	0.89759482119312	-0.343469372853139
TAG	*	Q	Non	X-SCID	741	235	GAACAATCAGTGGATTATAGACATAAGTTCTCCTTGCCTAGTGTGGATGGACAGAAACGCTACACGTTTCGTGTTCGGAGCCGCTTTAACCCACTCTGTGGAAGTGCTTAGCATTGGAGTGAATGGAGCCACCCAATCCACTGGGGAAGCAATACTTCAAAAG	-13.6042146671516	0.00720905393051836	-13.2459014035505
CCG	P	Q	Mis	NA	742	235	GAACAATCAGTGGATTATAGACATAAGTTCTCCTTGCCTAGTGTGGATGGACAGAAACGCTACACGTTTCGTGTTCGGAGCCGCTTTAACCCACTCTGTGGAAGTGCTCCGCATTGGAGTGAATGGAGCCACCCAATCCACTGGGGAAGCAATACTTCAAAAG	-1.91584546352849	0.348154822847457	-1.55753219992742
CGG	R	Q	Mis	NA	742	235	GAACAATCAGTGGATTATAGACATAAGTTCTCCTTGCCTAGTGTGGATGGACAGAAACGCTACACGTTTCGTGTTCGGAGCCGCTTTAACCCACTCTGTGGAAGTGCTCGGCATTGGAGTGAATGGAGCCACCCAATCCACTGGGGAAGCAATACTTCAAAAG	-1.8092785520799	0.409491061078566	-1.45096528847883
CTG	L	Q	Mis	NA	742	235	GAACAATCAGTGGATTATAGACATAAGTTCTCCTTGCCTAGTGTGGATGGACAGAAACGCTACACGTTTCGTGTTCGGAGCCGCTTTAACCCACTCTGTGGAAGTGCTCTGCATTGGAGTGAATGGAGCCACCCAATCCACTGGGGAAGCAATACTTCAAAAG	0.570373964831021	0.725793992575118	0.928687228432094
CAA	Q	Q	Syn	NA	743	235	GAACAATCAGTGGATTATAGACATAAGTTCTCCTTGCCTAGTGTGGATGGACAGAAACGCTACACGTTTCGTGTTCGGAGCCGCTTTAACCCACTCTGTGGAAGTGCTCAACATTGGAGTGAATGGAGCCACCCAATCCACTGGGGAAGCAATACTTCAAAAG	0.592441719198261	0.725793992575118	0.950754982799334
CAC	H	Q	Mis	NA	743	235	GAACAATCAGTGGATTATAGACATAAGTTCTCCTTGCCTAGTGTGGATGGACAGAAACGCTACACGTTTCGTGTTCGGAGCCGCTTTAACCCACTCTGTGGAAGTGCTCACCATTGGAGTGAATGGAGCCACCCAATCCACTGGGGAAGCAATACTTCAAAAG	-0.217637999865413	0.989093572856611	0.14067526373566
CAT	H	Q	Mis	NA	743	235	GAACAATCAGTGGATTATAGACATAAGTTCTCCTTGCCTAGTGTGGATGGACAGAAACGCTACACGTTTCGTGTTCGGAGCCGCTTTAACCCACTCTGTGGAAGTGCTCATCATTGGAGTGAATGGAGCCACCCAATCCACTGGGGAAGCAATACTTCAAAAG	-13.3863940462159	0.0105645616873082	-13.0280807826148
AAT	N	H	Mis	NA	744	236	GAACAATCAGTGGATTATAGACATAAGTTCTCCTTGCCTAGTGTGGATGGACAGAAACGCTACACGTTTCGTGTTCGGAGCCGCTTTAACCCACTCTGTGGAAGTGCTCAGAATTGGAGTGAATGGAGCCACCCAATCCACTGGGGAAGCAATACTTCAAAAG	-0.569904528092357	0.844014330532634	-0.211591264491284
GAT	D	H	Mis	NA	744	236	GAACAATCAGTGGATTATAGACATAAGTTCTCCTTGCCTAGTGTGGATGGACAGAAACGCTACACGTTTCGTGTTCGGAGCCGCTTTAACCCACTCTGTGGAAGTGCTCAGGATTGGAGTGAATGGAGCCACCCAATCCACTGGGGAAGCAATACTTCAAAAG	-13.0144331735989	0.0189029408876434	-12.6561199099978
TAT	Y	H	Mis	NA	744	236	GAACAATCAGTGGATTATAGACATAAGTTCTCCTTGCCTAGTGTGGATGGACAGAAACGCTACACGTTTCGTGTTCGGAGCCGCTTTAACCCACTCTGTGGAAGTGCTCAGTATTGGAGTGAATGGAGCCACCCAATCCACTGGGGAAGCAATACTTCAAAAG	-1.32120446173423	0.634961541057974	-0.962891198133157
CCT	P	H	Mis	NA	745	236	GAACAATCAGTGGATTATAGACATAAGTTCTCCTTGCCTAGTGTGGATGGACAGAAACGCTACACGTTTCGTGTTCGGAGCCGCTTTAACCCACTCTGTGGAAGTGCTCAGCCTTGGAGTGAATGGAGCCACCCAATCCACTGGGGAAGCAATACTTCAAAAG	1.43525731000268	0.244215329086011	1.79357057360375
CGT	R	H	Mis	NA	745	236	GAACAATCAGTGGATTATAGACATAAGTTCTCCTTGCCTAGTGTGGATGGACAGAAACGCTACACGTTTCGTGTTCGGAGCCGCTTTAACCCACTCTGTGGAAGTGCTCAGCGTTGGAGTGAATGGAGCCACCCAATCCACTGGGGAAGCAATACTTCAAAAG	-13.7323611713174	0.00614568005708904	-13.3740479077163
CTT	L	H	Mis	NA	745	236	GAACAATCAGTGGATTATAGACATAAGTTCTCCTTGCCTAGTGTGGATGGACAGAAACGCTACACGTTTCGTGTTCGGAGCCGCTTTAACCCACTCTGTGGAAGTGCTCAGCTTTGGAGTGAATGGAGCCACCCAATCCACTGGGGAAGCAATACTTCAAAAG	0.866869134528219	0.603935803218692	1.22518239812929
CAA	Q	H	Mis	NA	746	236	GAACAATCAGTGGATTATAGACATAAGTTCTCCTTGCCTAGTGTGGATGGACAGAAACGCTACACGTTTCGTGTTCGGAGCCGCTTTAACCCACTCTGTGGAAGTGCTCAGCAATGGAGTGAATGGAGCCACCCAATCCACTGGGGAAGCAATACTTCAAAAG	-13.8848203122655	0.00444506925949747	-13.5265070486644
CAC	H	H	Syn	Benign	746	236	GAACAATCAGTGGATTATAGACATAAGTTCTCCTTGCCTAGTGTGGATGGACAGAAACGCTACACGTTTCGTGTTCGGAGCCGCTTTAACCCACTCTGTGGAAGTGCTCAGCACTGGAGTGAATGGAGCCACCCAATCCACTGGGGAAGCAATACTTCAAAAG	-0.18917553723481	0.989093572856611	0.169137726366263
CAG	Q	H	Mis	NA	746	236	GAACAATCAGTGGATTATAGACATAAGTTCTCCTTGCCTAGTGTGGATGGACAGAAACGCTACACGTTTCGTGTTCGGAGCCGCTTTAACCCACTCTGTGGAAGTGCTCAGCAGTGGAGTGAATGGAGCCACCCAATCCACTGGGGAAGCAATACTTCAAAAG	0.64968546324576	0.68710045652227	1.00799872684683
AGG	R	W	Mis	NA	747	237	GAACAATCAGTGGATTATAGACATAAGTTCTCCTTGCCTAGTGTGGATGGACAGAAACGCTACACGTTTCGTGTTCGGAGCCGCTTTAACCCACTCTGTGGAAGTGCTCAGCATAGGAGTGAATGGAGCCACCCAATCCACTGGGGAAGCAATACTTCAAAAG	-14.19884385042	0.00281059346936627	-13.8405305868189
CGG	R	W	Mis	X-SCID	747	237	GAACAATCAGTGGATTATAGACATAAGTTCTCCTTGCCTAGTGTGGATGGACAGAAACGCTACACGTTTCGTGTTCGGAGCCGCTTTAACCCACTCTGTGGAAGTGCTCAGCATCGGAGTGAATGGAGCCACCCAATCCACTGGGGAAGCAATACTTCAAAAG	-13.4944162710361	0.00795557752888779	-13.136103007435
GGG	G	W	Mis	NA	747	237	GAACAATCAGTGGATTATAGACATAAGTTCTCCTTGCCTAGTGTGGATGGACAGAAACGCTACACGTTTCGTGTTCGGAGCCGCTTTAACCCACTCTGTGGAAGTGCTCAGCATGGGAGTGAATGGAGCCACCCAATCCACTGGGGAAGCAATACTTCAAAAG	-14.1630913478424	0.00305547497498302	-13.8047780842413
TAG	*	W	Non	X-SCID	748	237	GAACAATCAGTGGATTATAGACATAAGTTCTCCTTGCCTAGTGTGGATGGACAGAAACGCTACACGTTTCGTGTTCGGAGCCGCTTTAACCCACTCTGTGGAAGTGCTCAGCATTAGAGTGAATGGAGCCACCCAATCCACTGGGGAAGCAATACTTCAAAAG	-13.8164194358717	0.00488976609546235	-13.4581061722706
TCG	S	W	Mis	NA	748	237	GAACAATCAGTGGATTATAGACATAAGTTCTCCTTGCCTAGTGTGGATGGACAGAAACGCTACACGTTTCGTGTTCGGAGCCGCTTTAACCCACTCTGTGGAAGTGCTCAGCATTCGAGTGAATGGAGCCACCCAATCCACTGGGGAAGCAATACTTCAAAAG	-13.8966060153822	0.00431982432338312	-13.5382927517811
TTG	L	W	Mis	NA	748	237	GAACAATCAGTGGATTATAGACATAAGTTCTCCTTGCCTAGTGTGGATGGACAGAAACGCTACACGTTTCGTGTTCGGAGCCGCTTTAACCCACTCTGTGGAAGTGCTCAGCATTTGAGTGAATGGAGCCACCCAATCCACTGGGGAAGCAATACTTCAAAAG	-13.8962273304001	0.00431982432338312	-13.537914066799
TGA	*	W	Non	X-SCID HMGD	749	237	GAACAATCAGTGGATTATAGACATAAGTTCTCCTTGCCTAGTGTGGATGGACAGAAACGCTACACGTTTCGTGTTCGGAGCCGCTTTAACCCACTCTGTGGAAGTGCTCAGCATTGAAGTGAATGGAGCCACCCAATCCACTGGGGAAGCAATACTTCAAAAG	-13.6583661690164	0.00566172245431318	-13.3000529054153
TGC	C	W	Mis	NA	749	237	GAACAATCAGTGGATTATAGACATAAGTTCTCCTTGCCTAGTGTGGATGGACAGAAACGCTACACGTTTCGTGTTCGGAGCCGCTTTAACCCACTCTGTGGAAGTGCTCAGCATTGCAGTGAATGGAGCCACCCAATCCACTGGGGAAGCAATACTTCAAAAG	-13.691916163607	0.00586678704108827	-13.3336029000059
TGT	C	W	Mis	NA	749	237	GAACAATCAGTGGATTATAGACATAAGTTCTCCTTGCCTAGTGTGGATGGACAGAAACGCTACACGTTTCGTGTTCGGAGCCGCTTTAACCCACTCTGTGGAAGTGCTCAGCATTGTAGTGAATGGAGCCACCCAATCCACTGGGGAAGCAATACTTCAAAAG	-13.7238502987039	0.0051372571096554	-13.3655370351028
CGT	R	S	Mis	NA	750	238	GAACAATCAGTGGATTATAGACATAAGTTCTCCTTGCCTAGTGTGGATGGACAGAAACGCTACACGTTTCGTGTTCGGAGCCGCTTTAACCCACTCTGTGGAAGTGCTCAGCATTGGCGTGAATGGAGCCACCCAATCCACTGGGGAAGCAATACTTCAAAAG	-13.9195198346079	0.00382591177278106	-13.5612065710068
GGT	G	S	Mis	NA	750	238	GAACAATCAGTGGATTATAGACATAAGTTCTCCTTGCCTAGTGTGGATGGACAGAAACGCTACACGTTTCGTGTTCGGAGCCGCTTTAACCCACTCTGTGGAAGTGCTCAGCATTGGGGTGAATGGAGCCACCCAATCCACTGGGGAAGCAATACTTCAAAAG	-13.6060682867639	0.00720905393051836	-13.2477550231628
TGT	C	S	Mis	NA	750	238	GAACAATCAGTGGATTATAGACATAAGTTCTCCTTGCCTAGTGTGGATGGACAGAAACGCTACACGTTTCGTGTTCGGAGCCGCTTTAACCCACTCTGTGGAAGTGCTCAGCATTGGTGTGAATGGAGCCACCCAATCCACTGGGGAAGCAATACTTCAAAAG	-0.95071718126444	0.80001875768488	-0.592403917663367
AAT	N	S	Mis	X-SCID	751	238	GAACAATCAGTGGATTATAGACATAAGTTCTCCTTGCCTAGTGTGGATGGACAGAAACGCTACACGTTTCGTGTTCGGAGCCGCTTTAACCCACTCTGTGGAAGTGCTCAGCATTGGAATGAATGGAGCCACCCAATCCACTGGGGAAGCAATACTTCAAAAG	-13.7926077165684	0.00471449251652567	-13.4342944529673
ACT	T	S	Mis	NA	751	238	GAACAATCAGTGGATTATAGACATAAGTTCTCCTTGCCTAGTGTGGATGGACAGAAACGCTACACGTTTCGTGTTCGGAGCCGCTTTAACCCACTCTGTGGAAGTGCTCAGCATTGGACTGAATGGAGCCACCCAATCCACTGGGGAAGCAATACTTCAAAAG	-0.948778237510852	0.80001875768488	-0.590464973909779
ATT	I	S	Mis	NA	751	238	GAACAATCAGTGGATTATAGACATAAGTTCTCCTTGCCTAGTGTGGATGGACAGAAACGCTACACGTTTCGTGTTCGGAGCCGCTTTAACCCACTCTGTGGAAGTGCTCAGCATTGGATTGAATGGAGCCACCCAATCCACTGGGGAAGCAATACTTCAAAAG	-14.0059465066329	0.00367503126341012	-13.6476332430318
AGA	R	S	Mis	NA	752	238	GAACAATCAGTGGATTATAGACATAAGTTCTCCTTGCCTAGTGTGGATGGACAGAAACGCTACACGTTTCGTGTTCGGAGCCGCTTTAACCCACTCTGTGGAAGTGCTCAGCATTGGAGAGAATGGAGCCACCCAATCCACTGGGGAAGCAATACTTCAAAAG	-13.7605122129612	0.00527856027136522	-13.4021989493601
AGC	S	S	Syn	NA	752	238	GAACAATCAGTGGATTATAGACATAAGTTCTCCTTGCCTAGTGTGGATGGACAGAAACGCTACACGTTTCGTGTTCGGAGCCGCTTTAACCCACTCTGTGGAAGTGCTCAGCATTGGAGCGAATGGAGCCACCCAATCCACTGGGGAAGCAATACTTCAAAAG	2.90118934528626	0.00115288476400579	3.25950260888733
AGG	R	S	Mis	NA	752	238	GAACAATCAGTGGATTATAGACATAAGTTCTCCTTGCCTAGTGTGGATGGACAGAAACGCTACACGTTTCGTGTTCGGAGCCGCTTTAACCCACTCTGTGGAAGTGCTCAGCATTGGAGGGAATGGAGCCACCCAATCCACTGGGGAAGCAATACTTCAAAAG	-13.9840187458803	0.00412958922557819	-13.6257054822792
AAA	K	E	Mis	NA	753	239	GAACAATCAGTGGATTATAGACATAAGTTCTCCTTGCCTAGTGTGGATGGACAGAAACGCTACACGTTTCGTGTTCGGAGCCGCTTTAACCCACTCTGTGGAAGTGCTCAGCATTGGAGTAAATGGAGCCACCCAATCCACTGGGGAAGCAATACTTCAAAAG	-1.36257224980104	0.623585843157608	-1.00425898619997
CAA	Q	E	Mis	NA	753	239	GAACAATCAGTGGATTATAGACATAAGTTCTCCTTGCCTAGTGTGGATGGACAGAAACGCTACACGTTTCGTGTTCGGAGCCGCTTTAACCCACTCTGTGGAAGTGCTCAGCATTGGAGTCAATGGAGCCACCCAATCCACTGGGGAAGCAATACTTCAAAAG	-13.8686974292836	0.00471449251652567	-13.5103841656825
TAA	*	E	Non	NA	753	239	GAACAATCAGTGGATTATAGACATAAGTTCTCCTTGCCTAGTGTGGATGGACAGAAACGCTACACGTTTCGTGTTCGGAGCCGCTTTAACCCACTCTGTGGAAGTGCTCAGCATTGGAGTTAATGGAGCCACCCAATCCACTGGGGAAGCAATACTTCAAAAG	-14.1286886424784	0.00305547497498302	-13.7703753788773
GCA	A	E	Mis	NA	754	239	GAACAATCAGTGGATTATAGACATAAGTTCTCCTTGCCTAGTGTGGATGGACAGAAACGCTACACGTTTCGTGTTCGGAGCCGCTTTAACCCACTCTGTGGAAGTGCTCAGCATTGGAGTGCATGGAGCCACCCAATCCACTGGGGAAGCAATACTTCAAAAG	-13.9833058197562	0.00412958922557819	-13.6249925561551
GGA	G	E	Mis	NA	754	239	GAACAATCAGTGGATTATAGACATAAGTTCTCCTTGCCTAGTGTGGATGGACAGAAACGCTACACGTTTCGTGTTCGGAGCCGCTTTAACCCACTCTGTGGAAGTGCTCAGCATTGGAGTGGATGGAGCCACCCAATCCACTGGGGAAGCAATACTTCAAAAG	-1.29930641203185	0.642036732706007	-0.940993148430777
GTA	V	E	Mis	NA	754	239	GAACAATCAGTGGATTATAGACATAAGTTCTCCTTGCCTAGTGTGGATGGACAGAAACGCTACACGTTTCGTGTTCGGAGCCGCTTTAACCCACTCTGTGGAAGTGCTCAGCATTGGAGTGTATGGAGCCACCCAATCCACTGGGGAAGCAATACTTCAAAAG	-13.8706262952751	0.00471449251652567	-13.512313031674
GAC	D	E	Mis	NA	755	239	GAACAATCAGTGGATTATAGACATAAGTTCTCCTTGCCTAGTGTGGATGGACAGAAACGCTACACGTTTCGTGTTCGGAGCCGCTTTAACCCACTCTGTGGAAGTGCTCAGCATTGGAGTGACTGGAGCCACCCAATCCACTGGGGAAGCAATACTTCAAAAG	-1.58983293061667	0.52043424797099	-1.2315196670156
GAG	E	E	Syn	NA	755	239	GAACAATCAGTGGATTATAGACATAAGTTCTCCTTGCCTAGTGTGGATGGACAGAAACGCTACACGTTTCGTGTTCGGAGCCGCTTTAACCCACTCTGTGGAAGTGCTCAGCATTGGAGTGAGTGGAGCCACCCAATCCACTGGGGAAGCAATACTTCAAAAG	-13.474261292087	0.00878964717170783	-13.1159480284859
GAT	D	E	Mis	NA	755	239	GAACAATCAGTGGATTATAGACATAAGTTCTCCTTGCCTAGTGTGGATGGACAGAAACGCTACACGTTTCGTGTTCGGAGCCGCTTTAACCCACTCTGTGGAAGTGCTCAGCATTGGAGTGATTGGAGCCACCCAATCCACTGGGGAAGCAATACTTCAAAAG	-0.849389801737476	0.844014330532634	-0.491076538136403
AGG	R	W	Mis	NA	756	240	GAACAATCAGTGGATTATAGACATAAGTTCTCCTTGCCTAGTGTGGATGGACAGAAACGCTACACGTTTCGTGTTCGGAGCCGCTTTAACCCACTCTGTGGAAGTGCTCAGCATTGGAGTGAAAGGAGCCACCCAATCCACTGGGGAAGCAATACTTCAAAAG	-13.6888584481994	0.00586678704108827	-13.3305451845983
CGG	R	W	Mis	X-SCID	756	240	GAACAATCAGTGGATTATAGACATAAGTTCTCCTTGCCTAGTGTGGATGGACAGAAACGCTACACGTTTCGTGTTCGGAGCCGCTTTAACCCACTCTGTGGAAGTGCTCAGCATTGGAGTGAACGGAGCCACCCAATCCACTGGGGAAGCAATACTTCAAAAG	-13.4656094213392	0.00878964717170783	-13.1072961577381
GGG	G	W	Mis	NA	756	240	GAACAATCAGTGGATTATAGACATAAGTTCTCCTTGCCTAGTGTGGATGGACAGAAACGCTACACGTTTCGTGTTCGGAGCCGCTTTAACCCACTCTGTGGAAGTGCTCAGCATTGGAGTGAAGGGAGCCACCCAATCCACTGGGGAAGCAATACTTCAAAAG	-14.017831396262	0.00357690200157137	-13.6595181326609
TAG	*	W	Non	NA	757	240	GAACAATCAGTGGATTATAGACATAAGTTCTCCTTGCCTAGTGTGGATGGACAGAAACGCTACACGTTTCGTGTTCGGAGCCGCTTTAACCCACTCTGTGGAAGTGCTCAGCATTGGAGTGAATAGAGCCACCCAATCCACTGGGGAAGCAATACTTCAAAAG	-13.6910431917255	0.00586678704108827	-13.3327299281244
TCG	S	W	Mis	NA	757	240	GAACAATCAGTGGATTATAGACATAAGTTCTCCTTGCCTAGTGTGGATGGACAGAAACGCTACACGTTTCGTGTTCGGAGCCGCTTTAACCCACTCTGTGGAAGTGCTCAGCATTGGAGTGAATCGAGCCACCCAATCCACTGGGGAAGCAATACTTCAAAAG	-13.3788243739075	0.0118758063721034	-13.0205111103064
TTG	L	W	Mis	NA	757	240	GAACAATCAGTGGATTATAGACATAAGTTCTCCTTGCCTAGTGTGGATGGACAGAAACGCTACACGTTTCGTGTTCGGAGCCGCTTTAACCCACTCTGTGGAAGTGCTCAGCATTGGAGTGAATTGAGCCACCCAATCCACTGGGGAAGCAATACTTCAAAAG	-13.7135705305326	0.00540007686239683	-13.3552572669315
TGA	*	W	Non	X-SCID	758	240	GAACAATCAGTGGATTATAGACATAAGTTCTCCTTGCCTAGTGTGGATGGACAGAAACGCTACACGTTTCGTGTTCGGAGCCGCTTTAACCCACTCTGTGGAAGTGCTCAGCATTGGAGTGAATGAAGCCACCCAATCCACTGGGGAAGCAATACTTCAAAAG	-14.0515500048165	0.00367503126341012	-13.6932367412154
TGC	C	W	Mis	X-SCID HMGD	758	240	GAACAATCAGTGGATTATAGACATAAGTTCTCCTTGCCTAGTGTGGATGGACAGAAACGCTACACGTTTCGTGTTCGGAGCCGCTTTAACCCACTCTGTGGAAGTGCTCAGCATTGGAGTGAATGCAGCCACCCAATCCACTGGGGAAGCAATACTTCAAAAG	-13.7571796305603	0.00527856027136522	-13.3988663669592
TGT	C	W	Mis	NA	758	240	GAACAATCAGTGGATTATAGACATAAGTTCTCCTTGCCTAGTGTGGATGGACAGAAACGCTACACGTTTCGTGTTCGGAGCCGCTTTAACCCACTCTGTGGAAGTGCTCAGCATTGGAGTGAATGTAGCCACCCAATCCACTGGGGAAGCAATACTTCAAAAG	-0.938067214672161	0.79877142409753	-0.579753951071088
CGC	R	S	Mis	NA	759	241	GAACAATCAGTGGATTATAGACATAAGTTCTCCTTGCCTAGTGTGGATGGACAGAAACGCTACACGTTTCGTGTTCGGAGCCGCTTTAACCCACTCTGTGGAAGTGCTCAGCATTGGAGTGAATGGCGCCACCCAATCCACTGGGGAAGCAATACTTCAAAAG	-13.9187743038884	0.00406425931528151	-13.5604610402873
GGC	G	S	Mis	NA	759	241	GAACAATCAGTGGATTATAGACATAAGTTCTCCTTGCCTAGTGTGGATGGACAGAAACGCTACACGTTTCGTGTTCGGAGCCGCTTTAACCCACTCTGTGGAAGTGCTCAGCATTGGAGTGAATGGGGCCACCCAATCCACTGGGGAAGCAATACTTCAAAAG	0.53803613260077	0.844082330879816	0.896349396201843
TGC	C	S	Mis	NA	759	241	GAACAATCAGTGGATTATAGACATAAGTTCTCCTTGCCTAGTGTGGATGGACAGAAACGCTACACGTTTCGTGTTCGGAGCCGCTTTAACCCACTCTGTGGAAGTGCTCAGCATTGGAGTGAATGGTGCCACCCAATCCACTGGGGAAGCAATACTTCAAAAG	-1.20010357410503	0.67370331119152	-0.841790310503957
AAC	N	S	Mis	NA	760	241	GAACAATCAGTGGATTATAGACATAAGTTCTCCTTGCCTAGTGTGGATGGACAGAAACGCTACACGTTTCGTGTTCGGAGCCGCTTTAACCCACTCTGTGGAAGTGCTCAGCATTGGAGTGAATGGAACCACCCAATCCACTGGGGAAGCAATACTTCAAAAG	-13.5202037226798	0.00720905393051836	-13.1618904590787
ACC	T	S	Mis	NA	760	241	GAACAATCAGTGGATTATAGACATAAGTTCTCCTTGCCTAGTGTGGATGGACAGAAACGCTACACGTTTCGTGTTCGGAGCCGCTTTAACCCACTCTGTGGAAGTGCTCAGCATTGGAGTGAATGGACCCACCCAATCCACTGGGGAAGCAATACTTCAAAAG	0.560673390919335	0.72761695070459	0.918986654520408
ATC	I	S	Mis	X-SCID HMGD	760	241	GAACAATCAGTGGATTATAGACATAAGTTCTCCTTGCCTAGTGTGGATGGACAGAAACGCTACACGTTTCGTGTTCGGAGCCGCTTTAACCCACTCTGTGGAAGTGCTCAGCATTGGAGTGAATGGATCCACCCAATCCACTGGGGAAGCAATACTTCAAAAG	-11.3346501959905	0.238704221460587	-10.9763369323894
AGA	R	S	Mis	NA	761	241	GAACAATCAGTGGATTATAGACATAAGTTCTCCTTGCCTAGTGTGGATGGACAGAAACGCTACACGTTTCGTGTTCGGAGCCGCTTTAACCCACTCTGTGGAAGTGCTCAGCATTGGAGTGAATGGAGACACCCAATCCACTGGGGAAGCAATACTTCAAAAG	-14.2846755885344	0.00260623562780619	-13.9263623249333
AGG	R	S	Mis	NA	761	241	GAACAATCAGTGGATTATAGACATAAGTTCTCCTTGCCTAGTGTGGATGGACAGAAACGCTACACGTTTCGTGTTCGGAGCCGCTTTAACCCACTCTGTGGAAGTGCTCAGCATTGGAGTGAATGGAGGCACCCAATCCACTGGGGAAGCAATACTTCAAAAG	-13.5256001912094	0.008350542734232	-13.1672869276083
AGT	S	S	Syn	NA	761	241	GAACAATCAGTGGATTATAGACATAAGTTCTCCTTGCCTAGTGTGGATGGACAGAAACGCTACACGTTTCGTGTTCGGAGCCGCTTTAACCCACTCTGTGGAAGTGCTCAGCATTGGAGTGAATGGAGTCACCCAATCCACTGGGGAAGCAATACTTCAAAAG	-1.39319430794965	0.600904767798234	-1.03488104434858
AAC	N	H	Mis	NA	762	242	GAACAATCAGTGGATTATAGACATAAGTTCTCCTTGCCTAGTGTGGATGGACAGAAACGCTACACGTTTCGTGTTCGGAGCCGCTTTAACCCACTCTGTGGAAGTGCTCAGCATTGGAGTGAATGGAGCAACCCAATCCACTGGGGAAGCAATACTTCAAAAG	-0.738769068282786	0.751106584052515	-0.380455804681713
GAC	D	H	Mis	NA	762	242	GAACAATCAGTGGATTATAGACATAAGTTCTCCTTGCCTAGTGTGGATGGACAGAAACGCTACACGTTTCGTGTTCGGAGCCGCTTTAACCCACTCTGTGGAAGTGCTCAGCATTGGAGTGAATGGAGCGACCCAATCCACTGGGGAAGCAATACTTCAAAAG	-0.933662408915633	0.79877142409753	-0.57534914531456
TAC	Y	H	Mis	NA	762	242	GAACAATCAGTGGATTATAGACATAAGTTCTCCTTGCCTAGTGTGGATGGACAGAAACGCTACACGTTTCGTGTTCGGAGCCGCTTTAACCCACTCTGTGGAAGTGCTCAGCATTGGAGTGAATGGAGCTACCCAATCCACTGGGGAAGCAATACTTCAAAAG	-0.758227787025711	0.853258682122875	-0.399914523424638
CCC	P	H	Mis	NA	763	242	GAACAATCAGTGGATTATAGACATAAGTTCTCCTTGCCTAGTGTGGATGGACAGAAACGCTACACGTTTCGTGTTCGGAGCCGCTTTAACCCACTCTGTGGAAGTGCTCAGCATTGGAGTGAATGGAGCCCCCCAATCCACTGGGGAAGCAATACTTCAAAAG	-13.3750245914824	0.0118758063721034	-13.0167113278813
CGC	R	H	Mis	NA	763	242	GAACAATCAGTGGATTATAGACATAAGTTCTCCTTGCCTAGTGTGGATGGACAGAAACGCTACACGTTTCGTGTTCGGAGCCGCTTTAACCCACTCTGTGGAAGTGCTCAGCATTGGAGTGAATGGAGCCGCCCAATCCACTGGGGAAGCAATACTTCAAAAG	-14.1443990170826	0.00288607254889734	-13.7860857534815
CTC	L	H	Mis	NA	763	242	GAACAATCAGTGGATTATAGACATAAGTTCTCCTTGCCTAGTGTGGATGGACAGAAACGCTACACGTTTCGTGTTCGGAGCCGCTTTAACCCACTCTGTGGAAGTGCTCAGCATTGGAGTGAATGGAGCCTCCCAATCCACTGGGGAAGCAATACTTCAAAAG	-1.76891323439529	0.424554155506438	-1.41059997079422
CAA	Q	H	Mis	NA	764	242	GAACAATCAGTGGATTATAGACATAAGTTCTCCTTGCCTAGTGTGGATGGACAGAAACGCTACACGTTTCGTGTTCGGAGCCGCTTTAACCCACTCTGTGGAAGTGCTCAGCATTGGAGTGAATGGAGCCAACCAATCCACTGGGGAAGCAATACTTCAAAAG	1.23201506765362	0.280636101995964	1.59032833125469
CAG	Q	H	Mis	NA	764	242	GAACAATCAGTGGATTATAGACATAAGTTCTCCTTGCCTAGTGTGGATGGACAGAAACGCTACACGTTTCGTGTTCGGAGCCGCTTTAACCCACTCTGTGGAAGTGCTCAGCATTGGAGTGAATGGAGCCAGCCAATCCACTGGGGAAGCAATACTTCAAAAG	1.17536881477298	0.269869864525551	1.53368207837405
CAT	H	H	Syn	NA	764	242	GAACAATCAGTGGATTATAGACATAAGTTCTCCTTGCCTAGTGTGGATGGACAGAAACGCTACACGTTTCGTGTTCGGAGCCGCTTTAACCCACTCTGTGGAAGTGCTCAGCATTGGAGTGAATGGAGCCATCCAATCCACTGGGGAAGCAATACTTCAAAAG	-0.515920661916093	0.877011544975625	-0.15760739831502
ACA	T	P	Mis	NA	765	243	GAACAATCAGTGGATTATAGACATAAGTTCTCCTTGCCTAGTGTGGATGGACAGAAACGCTACACGTTTCGTGTTCGGAGCCGCTTTAACCCACTCTGTGGAAGTGCTCAGCATTGGAGTGAATGGAGCCACACAATCCACTGGGGAAGCAATACTTCAAAAG	1.74491570915734	0.0811913291924604	2.10322897275841
GCA	A	P	Mis	NA	765	243	GAACAATCAGTGGATTATAGACATAAGTTCTCCTTGCCTAGTGTGGATGGACAGAAACGCTACACGTTTCGTGTTCGGAGCCGCTTTAACCCACTCTGTGGAAGTGCTCAGCATTGGAGTGAATGGAGCCACGCAATCCACTGGGGAAGCAATACTTCAAAAG	-0.474738331454699	0.889373375043959	-0.116425067853626
TCA	S	P	Mis	NA	765	243	GAACAATCAGTGGATTATAGACATAAGTTCTCCTTGCCTAGTGTGGATGGACAGAAACGCTACACGTTTCGTGTTCGGAGCCGCTTTAACCCACTCTGTGGAAGTGCTCAGCATTGGAGTGAATGGAGCCACTCAATCCACTGGGGAAGCAATACTTCAAAAG	-1.38389637093396	0.610117296447083	-1.02558310733289
CAA	Q	P	Mis	NA	766	243	GAACAATCAGTGGATTATAGACATAAGTTCTCCTTGCCTAGTGTGGATGGACAGAAACGCTACACGTTTCGTGTTCGGAGCCGCTTTAACCCACTCTGTGGAAGTGCTCAGCATTGGAGTGAATGGAGCCACCAAATCCACTGGGGAAGCAATACTTCAAAAG	0.231006281750806	0.885954114587449	0.589319545351879
CGA	R	P	Mis	NA	766	243	GAACAATCAGTGGATTATAGACATAAGTTCTCCTTGCCTAGTGTGGATGGACAGAAACGCTACACGTTTCGTGTTCGGAGCCGCTTTAACCCACTCTGTGGAAGTGCTCAGCATTGGAGTGAATGGAGCCACCGAATCCACTGGGGAAGCAATACTTCAAAAG	-1.76753891175222	0.423944271524366	-1.40922564815115
CTA	L	P	Mis	NA	766	243	GAACAATCAGTGGATTATAGACATAAGTTCTCCTTGCCTAGTGTGGATGGACAGAAACGCTACACGTTTCGTGTTCGGAGCCGCTTTAACCCACTCTGTGGAAGTGCTCAGCATTGGAGTGAATGGAGCCACCTAATCCACTGGGGAAGCAATACTTCAAAAG	-0.0427861857769624	1	0.315527077824111
CCC	P	P	Syn	NA	767	243	GAACAATCAGTGGATTATAGACATAAGTTCTCCTTGCCTAGTGTGGATGGACAGAAACGCTACACGTTTCGTGTTCGGAGCCGCTTTAACCCACTCTGTGGAAGTGCTCAGCATTGGAGTGAATGGAGCCACCCCATCCACTGGGGAAGCAATACTTCAAAAG	-0.545733154853138	0.853258682122875	-0.187419891252065
CCG	P	P	Syn	NA	767	243	GAACAATCAGTGGATTATAGACATAAGTTCTCCTTGCCTAGTGTGGATGGACAGAAACGCTACACGTTTCGTGTTCGGAGCCGCTTTAACCCACTCTGTGGAAGTGCTCAGCATTGGAGTGAATGGAGCCACCCGATCCACTGGGGAAGCAATACTTCAAAAG	0.412267957470858	0.845969844048999	0.770581221071931
CCT	P	P	Syn	NA	767	243	GAACAATCAGTGGATTATAGACATAAGTTCTCCTTGCCTAGTGTGGATGGACAGAAACGCTACACGTTTCGTGTTCGGAGCCGCTTTAACCCACTCTGTGGAAGTGCTCAGCATTGGAGTGAATGGAGCCACCCTATCCACTGGGGAAGCAATACTTCAAAAG	1.05852427461793	0.424554155506438	1.416837538219
CTC	L	I	Mis	NA	768	244	GAACAATCAGTGGATTATAGACATAAGTTCTCCTTGCCTAGTGTGGATGGACAGAAACGCTACACGTTTCGTGTTCGGAGCCGCTTTAACCCACTCTGTGGAAGTGCTCAGCATTGGAGTGAATGGAGCCACCCACTCCACTGGGGAAGCAATACTTCAAAAG	0.441118256032299	0.795968823185379	0.799431519633372
GTC	V	I	Mis	NA	768	244	GAACAATCAGTGGATTATAGACATAAGTTCTCCTTGCCTAGTGTGGATGGACAGAAACGCTACACGTTTCGTGTTCGGAGCCGCTTTAACCCACTCTGTGGAAGTGCTCAGCATTGGAGTGAATGGAGCCACCCAGTCCACTGGGGAAGCAATACTTCAAAAG	4.33019203010825	7.21520700106657e-14	4.68850529370932
TTC	F	I	Mis	NA	768	244	GAACAATCAGTGGATTATAGACATAAGTTCTCCTTGCCTAGTGTGGATGGACAGAAACGCTACACGTTTCGTGTTCGGAGCCGCTTTAACCCACTCTGTGGAAGTGCTCAGCATTGGAGTGAATGGAGCCACCCATTCCACTGGGGAAGCAATACTTCAAAAG	2.72014843590692	0.0623230098618088	3.07846169950799
AAC	N	I	Mis	NA	769	244	GAACAATCAGTGGATTATAGACATAAGTTCTCCTTGCCTAGTGTGGATGGACAGAAACGCTACACGTTTCGTGTTCGGAGCCGCTTTAACCCACTCTGTGGAAGTGCTCAGCATTGGAGTGAATGGAGCCACCCAAACCACTGGGGAAGCAATACTTCAAAAG	-0.00595921179789771	1	0.352354051803175
ACC	T	I	Mis	NA	769	244	GAACAATCAGTGGATTATAGACATAAGTTCTCCTTGCCTAGTGTGGATGGACAGAAACGCTACACGTTTCGTGTTCGGAGCCGCTTTAACCCACTCTGTGGAAGTGCTCAGCATTGGAGTGAATGGAGCCACCCAACCCACTGGGGAAGCAATACTTCAAAAG	1.15515513352531	0.280636101995964	1.51346839712638
AGC	S	I	Mis	NA	769	244	GAACAATCAGTGGATTATAGACATAAGTTCTCCTTGCCTAGTGTGGATGGACAGAAACGCTACACGTTTCGTGTTCGGAGCCGCTTTAACCCACTCTGTGGAAGTGCTCAGCATTGGAGTGAATGGAGCCACCCAAGCCACTGGGGAAGCAATACTTCAAAAG	2.49925328568799	0.000603223439976637	2.85756654928906
ATA	I	I	Syn	NA	770	244	GAACAATCAGTGGATTATAGACATAAGTTCTCCTTGCCTAGTGTGGATGGACAGAAACGCTACACGTTTCGTGTTCGGAGCCGCTTTAACCCACTCTGTGGAAGTGCTCAGCATTGGAGTGAATGGAGCCACCCAATACACTGGGGAAGCAATACTTCAAAAG	1.081054816981	0.46050392864548	1.43936808058207
ATG	M	I	Mis	NA	770	244	GAACAATCAGTGGATTATAGACATAAGTTCTCCTTGCCTAGTGTGGATGGACAGAAACGCTACACGTTTCGTGTTCGGAGCCGCTTTAACCCACTCTGTGGAAGTGCTCAGCATTGGAGTGAATGGAGCCACCCAATGCACTGGGGAAGCAATACTTCAAAAG	-0.766004958958871	0.725793992575118	-0.407691695357798
ATT	I	I	Syn	NA	770	244	GAACAATCAGTGGATTATAGACATAAGTTCTCCTTGCCTAGTGTGGATGGACAGAAACGCTACACGTTTCGTGTTCGGAGCCGCTTTAACCCACTCTGTGGAAGTGCTCAGCATTGGAGTGAATGGAGCCACCCAATTCACTGGGGAAGCAATACTTCAAAAG	8.15472550088524	5.7734798807623e-45	8.51303876448631
AAC	N	H	Mis	NA	771	245	GAACAATCAGTGGATTATAGACATAAGTTCTCCTTGCCTAGTGTGGATGGACAGAAACGCTACACGTTTCGTGTTCGGAGCCGCTTTAACCCACTCTGTGGAAGTGCTCAGCATTGGAGTGAATGGAGCCACCCAATCAACTGGGGAAGCAATACTTCAAAAG	-11.448535655698	0.225387704360325	-11.0902223920969
GAC	D	H	Mis	NA	771	245	GAACAATCAGTGGATTATAGACATAAGTTCTCCTTGCCTAGTGTGGATGGACAGAAACGCTACACGTTTCGTGTTCGGAGCCGCTTTAACCCACTCTGTGGAAGTGCTCAGCATTGGAGTGAATGGAGCCACCCAATCGACTGGGGAAGCAATACTTCAAAAG	-0.00455962154549213	1	0.353753642055581
TAC	Y	H	Mis	NA	771	245	GAACAATCAGTGGATTATAGACATAAGTTCTCCTTGCCTAGTGTGGATGGACAGAAACGCTACACGTTTCGTGTTCGGAGCCGCTTTAACCCACTCTGTGGAAGTGCTCAGCATTGGAGTGAATGGAGCCACCCAATCTACTGGGGAAGCAATACTTCAAAAG	2.22232213429722	0.0252500086228682	2.58063539789829
CCC	P	H	Mis	NA	772	245	GAACAATCAGTGGATTATAGACATAAGTTCTCCTTGCCTAGTGTGGATGGACAGAAACGCTACACGTTTCGTGTTCGGAGCCGCTTTAACCCACTCTGTGGAAGTGCTCAGCATTGGAGTGAATGGAGCCACCCAATCCCCTGGGGAAGCAATACTTCAAAAG	1.56685360654657	0.202090527422297	1.92516687014764
CGC	R	H	Mis	NA	772	245	GAACAATCAGTGGATTATAGACATAAGTTCTCCTTGCCTAGTGTGGATGGACAGAAACGCTACACGTTTCGTGTTCGGAGCCGCTTTAACCCACTCTGTGGAAGTGCTCAGCATTGGAGTGAATGGAGCCACCCAATCCGCTGGGGAAGCAATACTTCAAAAG	1.26442761962598	0.274763185669412	1.62274088322705
CTC	L	H	Mis	NA	772	245	GAACAATCAGTGGATTATAGACATAAGTTCTCCTTGCCTAGTGTGGATGGACAGAAACGCTACACGTTTCGTGTTCGGAGCCGCTTTAACCCACTCTGTGGAAGTGCTCAGCATTGGAGTGAATGGAGCCACCCAATCCTCTGGGGAAGCAATACTTCAAAAG	-0.541842705120721	0.960172564913837	-0.183529441519648
CAA	Q	H	Mis	NA	773	245	GAACAATCAGTGGATTATAGACATAAGTTCTCCTTGCCTAGTGTGGATGGACAGAAACGCTACACGTTTCGTGTTCGGAGCCGCTTTAACCCACTCTGTGGAAGTGCTCAGCATTGGAGTGAATGGAGCCACCCAATCCAATGGGGAAGCAATACTTCAAAAG	-14.0563032552992	0.00367503126341012	-13.6979899916981
CAG	Q	H	Mis	NA	773	245	GAACAATCAGTGGATTATAGACATAAGTTCTCCTTGCCTAGTGTGGATGGACAGAAACGCTACACGTTTCGTGTTCGGAGCCGCTTTAACCCACTCTGTGGAAGTGCTCAGCATTGGAGTGAATGGAGCCACCCAATCCAGTGGGGAAGCAATACTTCAAAAG	1.4382147356714	0.239981811765098	1.79652799927247
CAT	H	H	Syn	NA	773	245	GAACAATCAGTGGATTATAGACATAAGTTCTCCTTGCCTAGTGTGGATGGACAGAAACGCTACACGTTTCGTGTTCGGAGCCGCTTTAACCCACTCTGTGGAAGTGCTCAGCATTGGAGTGAATGGAGCCACCCAATCCATTGGGGAAGCAATACTTCAAAAG	1.7197254190968	0.0378825653776406	2.07803868269787
AGG	R	W	Mis	NA	774	246	GAACAATCAGTGGATTATAGACATAAGTTCTCCTTGCCTAGTGTGGATGGACAGAAACGCTACACGTTTCGTGTTCGGAGCCGCTTTAACCCACTCTGTGGAAGTGCTCAGCATTGGAGTGAATGGAGCCACCCAATCCACAGGGGAAGCAATACTTCAAAAG	-13.6632706460399	0.00699969174763761	-13.3049573824388
CGG	R	W	Mis	NA	774	246	GAACAATCAGTGGATTATAGACATAAGTTCTCCTTGCCTAGTGTGGATGGACAGAAACGCTACACGTTTCGTGTTCGGAGCCGCTTTAACCCACTCTGTGGAAGTGCTCAGCATTGGAGTGAATGGAGCCACCCAATCCACCGGGGAAGCAATACTTCAAAAG	-1.78910161021271	0.403907225956836	-1.43078834661164
GGG	G	W	Mis	NA	774	246	GAACAATCAGTGGATTATAGACATAAGTTCTCCTTGCCTAGTGTGGATGGACAGAAACGCTACACGTTTCGTGTTCGGAGCCGCTTTAACCCACTCTGTGGAAGTGCTCAGCATTGGAGTGAATGGAGCCACCCAATCCACGGGGGAAGCAATACTTCAAAAG	-0.196139650090157	0.989093572856611	0.162173613510916
TAG	*	W	Non	X-SCID HMGD	775	246	GAACAATCAGTGGATTATAGACATAAGTTCTCCTTGCCTAGTGTGGATGGACAGAAACGCTACACGTTTCGTGTTCGGAGCCGCTTTAACCCACTCTGTGGAAGTGCTCAGCATTGGAGTGAATGGAGCCACCCAATCCACTAGGGAAGCAATACTTCAAAAG	-14.2465630624863	0.00260623562780619	-13.8882497988852
TCG	S	W	Mis	NA	775	246	GAACAATCAGTGGATTATAGACATAAGTTCTCCTTGCCTAGTGTGGATGGACAGAAACGCTACACGTTTCGTGTTCGGAGCCGCTTTAACCCACTCTGTGGAAGTGCTCAGCATTGGAGTGAATGGAGCCACCCAATCCACTCGGGAAGCAATACTTCAAAAG	-8.2723961318093	1	-7.91408286820823
TTG	L	W	Mis	NA	775	246	GAACAATCAGTGGATTATAGACATAAGTTCTCCTTGCCTAGTGTGGATGGACAGAAACGCTACACGTTTCGTGTTCGGAGCCGCTTTAACCCACTCTGTGGAAGTGCTCAGCATTGGAGTGAATGGAGCCACCCAATCCACTTGGGAAGCAATACTTCAAAAG	2.32383459395811	0.00252882100588984	2.68214785755918
TGA	*	W	Non	X-SCID	776	246	GAACAATCAGTGGATTATAGACATAAGTTCTCCTTGCCTAGTGTGGATGGACAGAAACGCTACACGTTTCGTGTTCGGAGCCGCTTTAACCCACTCTGTGGAAGTGCTCAGCATTGGAGTGAATGGAGCCACCCAATCCACTGAGGAAGCAATACTTCAAAAG	-11.937941820326	0.104159831257436	-11.5796285567249
TGC	C	W	Mis	NA	776	246	GAACAATCAGTGGATTATAGACATAAGTTCTCCTTGCCTAGTGTGGATGGACAGAAACGCTACACGTTTCGTGTTCGGAGCCGCTTTAACCCACTCTGTGGAAGTGCTCAGCATTGGAGTGAATGGAGCCACCCAATCCACTGCGGAAGCAATACTTCAAAAG	4.62320926850171	1.75178164647295e-18	4.98152253210278
TGT	C	W	Mis	NA	776	246	GAACAATCAGTGGATTATAGACATAAGTTCTCCTTGCCTAGTGTGGATGGACAGAAACGCTACACGTTTCGTGTTCGGAGCCGCTTTAACCCACTCTGTGGAAGTGCTCAGCATTGGAGTGAATGGAGCCACCCAATCCACTGTGGAAGCAATACTTCAAAAG	0.363471249248687	0.845969844048999	0.72178451284976
AGA	R	G	Mis	NA	777	247	GAACAATCAGTGGATTATAGACATAAGTTCTCCTTGCCTAGTGTGGATGGACAGAAACGCTACACGTTTCGTGTTCGGAGCCGCTTTAACCCACTCTGTGGAAGTGCTCAGCATTGGAGTGAATGGAGCCACCCAATCCACTGGAGAAGCAATACTTCAAAAG	-1.11194565898597	0.570769802143011	-0.753632395384897
CGA	R	G	Mis	NA	777	247	GAACAATCAGTGGATTATAGACATAAGTTCTCCTTGCCTAGTGTGGATGGACAGAAACGCTACACGTTTCGTGTTCGGAGCCGCTTTAACCCACTCTGTGGAAGTGCTCAGCATTGGAGTGAATGGAGCCACCCAATCCACTGGCGAAGCAATACTTCAAAAG	1.44458215608848	0.190710915979512	1.80289541968955
TGA	*	G	Non	NA	777	247	GAACAATCAGTGGATTATAGACATAAGTTCTCCTTGCCTAGTGTGGATGGACAGAAACGCTACACGTTTCGTGTTCGGAGCCGCTTTAACCCACTCTGTGGAAGTGCTCAGCATTGGAGTGAATGGAGCCACCCAATCCACTGGTGAAGCAATACTTCAAAAG	-13.4727382567139	0.00878964717170783	-13.1144249931128
GAA	E	G	Mis	NA	778	247	GAACAATCAGTGGATTATAGACATAAGTTCTCCTTGCCTAGTGTGGATGGACAGAAACGCTACACGTTTCGTGTTCGGAGCCGCTTTAACCCACTCTGTGGAAGTGCTCAGCATTGGAGTGAATGGAGCCACCCAATCCACTGGGAAAGCAATACTTCAAAAG	2.8756977024538	0.000242106865777832	3.23401096605487
GCA	A	G	Mis	NA	778	247	GAACAATCAGTGGATTATAGACATAAGTTCTCCTTGCCTAGTGTGGATGGACAGAAACGCTACACGTTTCGTGTTCGGAGCCGCTTTAACCCACTCTGTGGAAGTGCTCAGCATTGGAGTGAATGGAGCCACCCAATCCACTGGGCAAGCAATACTTCAAAAG	0.600589101124855	0.689853728820477	0.958902364725928
GTA	V	G	Mis	NA	778	247	GAACAATCAGTGGATTATAGACATAAGTTCTCCTTGCCTAGTGTGGATGGACAGAAACGCTACACGTTTCGTGTTCGGAGCCGCTTTAACCCACTCTGTGGAAGTGCTCAGCATTGGAGTGAATGGAGCCACCCAATCCACTGGGTAAGCAATACTTCAAAAG	-0.881053267241171	0.67370331119152	-0.522740003640098
GGC	G	G	Syn	NA	779	247	GAACAATCAGTGGATTATAGACATAAGTTCTCCTTGCCTAGTGTGGATGGACAGAAACGCTACACGTTTCGTGTTCGGAGCCGCTTTAACCCACTCTGTGGAAGTGCTCAGCATTGGAGTGAATGGAGCCACCCAATCCACTGGGGCAGCAATACTTCAAAAG	2.79004989878063	0.0105148635690309	3.1483631623817
GGG	G	G	Syn	NA	779	247	GAACAATCAGTGGATTATAGACATAAGTTCTCCTTGCCTAGTGTGGATGGACAGAAACGCTACACGTTTCGTGTTCGGAGCCGCTTTAACCCACTCTGTGGAAGTGCTCAGCATTGGAGTGAATGGAGCCACCCAATCCACTGGGGGAGCAATACTTCAAAAG	11.2798657644386	2.07931790001226e-67	11.6381790280397
GGT	G	G	Syn	NA	779	247	GAACAATCAGTGGATTATAGACATAAGTTCTCCTTGCCTAGTGTGGATGGACAGAAACGCTACACGTTTCGTGTTCGGAGCCGCTTTAACCCACTCTGTGGAAGTGCTCAGCATTGGAGTGAATGGAGCCACCCAATCCACTGGGGTAGCAATACTTCAAAAG	5.65844241422008	3.43547482379537e-25	6.01675567782115
CGC	R	S	Mis	NA	780	248	GAACAATCAGTGGATTATAGACATAAGTTCTCCTTGCCTAGTGTGGATGGACAGAAACGCTACACGTTTCGTGTTCGGAGCCGCTTTAACCCACTCTGTGGAAGTGCTCAGCATTGGAGTGAATGGAGCCACCCAATCCACTGGGGACGCAATACTTCAAAAG	-13.0137351234321	0.0189029408876434	-12.655421859831
GGC	G	S	Mis	NA	780	248	GAACAATCAGTGGATTATAGACATAAGTTCTCCTTGCCTAGTGTGGATGGACAGAAACGCTACACGTTTCGTGTTCGGAGCCGCTTTAACCCACTCTGTGGAAGTGCTCAGCATTGGAGTGAATGGAGCCACCCAATCCACTGGGGAGGCAATACTTCAAAAG	-13.5789548709294	0.00634069234342577	-13.2206416073283
TGC	C	S	Mis	NA	780	248	GAACAATCAGTGGATTATAGACATAAGTTCTCCTTGCCTAGTGTGGATGGACAGAAACGCTACACGTTTCGTGTTCGGAGCCGCTTTAACCCACTCTGTGGAAGTGCTCAGCATTGGAGTGAATGGAGCCACCCAATCCACTGGGGATGCAATACTTCAAAAG	-13.3673948704947	0.00895903461435478	-13.0090816068936
AAC	N	S	Mis	Benign	781	248	GAACAATCAGTGGATTATAGACATAAGTTCTCCTTGCCTAGTGTGGATGGACAGAAACGCTACACGTTTCGTGTTCGGAGCCGCTTTAACCCACTCTGTGGAAGTGCTCAGCATTGGAGTGAATGGAGCCACCCAATCCACTGGGGAAACAATACTTCAAAAG	-13.2625902528693	0.0123059167912462	-12.9042769892682
ACC	T	S	Mis	NA	781	248	GAACAATCAGTGGATTATAGACATAAGTTCTCCTTGCCTAGTGTGGATGGACAGAAACGCTACACGTTTCGTGTTCGGAGCCGCTTTAACCCACTCTGTGGAAGTGCTCAGCATTGGAGTGAATGGAGCCACCCAATCCACTGGGGAACCAATACTTCAAAAG	-13.3280676041027	0.0114687674256999	-12.9697543405016
ATC	I	S	Mis	NA	781	248	GAACAATCAGTGGATTATAGACATAAGTTCTCCTTGCCTAGTGTGGATGGACAGAAACGCTACACGTTTCGTGTTCGGAGCCGCTTTAACCCACTCTGTGGAAGTGCTCAGCATTGGAGTGAATGGAGCCACCCAATCCACTGGGGAATCAATACTTCAAAAG	-1.31970487596763	0.642036732706007	-0.961391612366557
AGA	R	S	Mis	NA	782	248	GAACAATCAGTGGATTATAGACATAAGTTCTCCTTGCCTAGTGTGGATGGACAGAAACGCTACACGTTTCGTGTTCGGAGCCGCTTTAACCCACTCTGTGGAAGTGCTCAGCATTGGAGTGAATGGAGCCACCCAATCCACTGGGGAAGAAATACTTCAAAAG	-0.857732851392896	0.683186627609325	-0.499419587791823
AGG	R	S	Mis	NA	782	248	GAACAATCAGTGGATTATAGACATAAGTTCTCCTTGCCTAGTGTGGATGGACAGAAACGCTACACGTTTCGTGTTCGGAGCCGCTTTAACCCACTCTGTGGAAGTGCTCAGCATTGGAGTGAATGGAGCCACCCAATCCACTGGGGAAGGAATACTTCAAAAG	-1.52461706677283	0.555594134331026	-1.16630380317176
AGT	S	S	Syn	NA	782	248	GAACAATCAGTGGATTATAGACATAAGTTCTCCTTGCCTAGTGTGGATGGACAGAAACGCTACACGTTTCGTGTTCGGAGCCGCTTTAACCCACTCTGTGGAAGTGCTCAGCATTGGAGTGAATGGAGCCACCCAATCCACTGGGGAAGTAATACTTCAAAAG	1.28043700857996	0.37905256250539	1.63875027218103
CAT	H	N	Mis	NA	783	249	GAACAATCAGTGGATTATAGACATAAGTTCTCCTTGCCTAGTGTGGATGGACAGAAACGCTACACGTTTCGTGTTCGGAGCCGCTTTAACCCACTCTGTGGAAGTGCTCAGCATTGGAGTGAATGGAGCCACCCAATCCACTGGGGAAGCCATACTTCAAAAG	-14.436931832312	0.00233449749118413	-14.0786185687109
GAT	D	N	Mis	NA	783	249	GAACAATCAGTGGATTATAGACATAAGTTCTCCTTGCCTAGTGTGGATGGACAGAAACGCTACACGTTTCGTGTTCGGAGCCGCTTTAACCCACTCTGTGGAAGTGCTCAGCATTGGAGTGAATGGAGCCACCCAATCCACTGGGGAAGCGATACTTCAAAAG	0.997915955337096	0.501183867184725	1.35622921893817
TAT	Y	N	Mis	NA	783	249	GAACAATCAGTGGATTATAGACATAAGTTCTCCTTGCCTAGTGTGGATGGACAGAAACGCTACACGTTTCGTGTTCGGAGCCGCTTTAACCCACTCTGTGGAAGTGCTCAGCATTGGAGTGAATGGAGCCACCCAATCCACTGGGGAAGCTATACTTCAAAAG	1.39151382053618	0.325032915897743	1.74982708413725
ACT	T	N	Mis	NA	784	249	GAACAATCAGTGGATTATAGACATAAGTTCTCCTTGCCTAGTGTGGATGGACAGAAACGCTACACGTTTCGTGTTCGGAGCCGCTTTAACCCACTCTGTGGAAGTGCTCAGCATTGGAGTGAATGGAGCCACCCAATCCACTGGGGAAGCACTACTTCAAAAG	0.616867517995126	0.683186627609325	0.975180781596199
AGT	S	N	Mis	NA	784	249	GAACAATCAGTGGATTATAGACATAAGTTCTCCTTGCCTAGTGTGGATGGACAGAAACGCTACACGTTTCGTGTTCGGAGCCGCTTTAACCCACTCTGTGGAAGTGCTCAGCATTGGAGTGAATGGAGCCACCCAATCCACTGGGGAAGCAGTACTTCAAAAG	-13.8120096662237	0.0051372571096554	-13.4536964026226
ATT	I	N	Mis	NA	784	249	GAACAATCAGTGGATTATAGACATAAGTTCTCCTTGCCTAGTGTGGATGGACAGAAACGCTACACGTTTCGTGTTCGGAGCCGCTTTAACCCACTCTGTGGAAGTGCTCAGCATTGGAGTGAATGGAGCCACCCAATCCACTGGGGAAGCATTACTTCAAAAG	-0.887340782076854	0.82028836297452	-0.529027518475781
AAA	K	N	Mis	NA	785	249	GAACAATCAGTGGATTATAGACATAAGTTCTCCTTGCCTAGTGTGGATGGACAGAAACGCTACACGTTTCGTGTTCGGAGCCGCTTTAACCCACTCTGTGGAAGTGCTCAGCATTGGAGTGAATGGAGCCACCCAATCCACTGGGGAAGCAAAACTTCAAAAG	-0.343630151294418	0.950381041999733	0.014683112306655
AAC	N	N	Syn	NA	785	249	GAACAATCAGTGGATTATAGACATAAGTTCTCCTTGCCTAGTGTGGATGGACAGAAACGCTACACGTTTCGTGTTCGGAGCCGCTTTAACCCACTCTGTGGAAGTGCTCAGCATTGGAGTGAATGGAGCCACCCAATCCACTGGGGAAGCAACACTTCAAAAG	2.38709163224234	0.00462682480804702	2.74540489584341
AAG	K	N	Mis	NA	785	249	GAACAATCAGTGGATTATAGACATAAGTTCTCCTTGCCTAGTGTGGATGGACAGAAACGCTACACGTTTCGTGTTCGGAGCCGCTTTAACCCACTCTGTGGAAGTGCTCAGCATTGGAGTGAATGGAGCCACCCAATCCACTGGGGAAGCAAGACTTCAAAAG	-1.31180637559233	0.642036732706007	-0.953493111991257
CCT	P	T	Mis	NA	786	250	GAACAATCAGTGGATTATAGACATAAGTTCTCCTTGCCTAGTGTGGATGGACAGAAACGCTACACGTTTCGTGTTCGGAGCCGCTTTAACCCACTCTGTGGAAGTGCTCAGCATTGGAGTGAATGGAGCCACCCAATCCACTGGGGAAGCAATCCTTCAAAAG	-0.143709979566626	0.989093572856611	0.214603284034447
GCT	A	T	Mis	NA	786	250	GAACAATCAGTGGATTATAGACATAAGTTCTCCTTGCCTAGTGTGGATGGACAGAAACGCTACACGTTTCGTGTTCGGAGCCGCTTTAACCCACTCTGTGGAAGTGCTCAGCATTGGAGTGAATGGAGCCACCCAATCCACTGGGGAAGCAATGCTTCAAAAG	-13.5981739025449	0.00720905393051836	-13.2398606389438
TCT	S	T	Mis	NA	786	250	GAACAATCAGTGGATTATAGACATAAGTTCTCCTTGCCTAGTGTGGATGGACAGAAACGCTACACGTTTCGTGTTCGGAGCCGCTTTAACCCACTCTGTGGAAGTGCTCAGCATTGGAGTGAATGGAGCCACCCAATCCACTGGGGAAGCAATTCTTCAAAAG	-12.1623827757135	0.100229158174068	-11.8040695121124
AAT	N	T	Mis	NA	787	250	GAACAATCAGTGGATTATAGACATAAGTTCTCCTTGCCTAGTGTGGATGGACAGAAACGCTACACGTTTCGTGTTCGGAGCCGCTTTAACCCACTCTGTGGAAGTGCTCAGCATTGGAGTGAATGGAGCCACCCAATCCACTGGGGAAGCAATAATTCAAAAG	-12.8268885411198	0.0243361613161712	-12.4685752775187
AGT	S	T	Mis	NA	787	250	GAACAATCAGTGGATTATAGACATAAGTTCTCCTTGCCTAGTGTGGATGGACAGAAACGCTACACGTTTCGTGTTCGGAGCCGCTTTAACCCACTCTGTGGAAGTGCTCAGCATTGGAGTGAATGGAGCCACCCAATCCACTGGGGAAGCAATAGTTCAAAAG	1.88455576613663	0.040322075572987	2.2428690297377
ATT	I	T	Mis	NA	787	250	GAACAATCAGTGGATTATAGACATAAGTTCTCCTTGCCTAGTGTGGATGGACAGAAACGCTACACGTTTCGTGTTCGGAGCCGCTTTAACCCACTCTGTGGAAGTGCTCAGCATTGGAGTGAATGGAGCCACCCAATCCACTGGGGAAGCAATATTTCAAAAG	-13.2123680921151	0.0160199517371114	-12.854054828514
ACA	T	T	Syn	NA	788	250	GAACAATCAGTGGATTATAGACATAAGTTCTCCTTGCCTAGTGTGGATGGACAGAAACGCTACACGTTTCGTGTTCGGAGCCGCTTTAACCCACTCTGTGGAAGTGCTCAGCATTGGAGTGAATGGAGCCACCCAATCCACTGGGGAAGCAATACATCAAAAG	-0.54248568904007	0.960172564913837	-0.184172425438997
ACC	T	T	Syn	NA	788	250	GAACAATCAGTGGATTATAGACATAAGTTCTCCTTGCCTAGTGTGGATGGACAGAAACGCTACACGTTTCGTGTTCGGAGCCGCTTTAACCCACTCTGTGGAAGTGCTCAGCATTGGAGTGAATGGAGCCACCCAATCCACTGGGGAAGCAATACCTCAAAAG	1.61995831087669	0.223371756830896	1.97827157447776
ACG	T	T	Syn	NA	788	250	GAACAATCAGTGGATTATAGACATAAGTTCTCCTTGCCTAGTGTGGATGGACAGAAACGCTACACGTTTCGTGTTCGGAGCCGCTTTAACCCACTCTGTGGAAGTGCTCAGCATTGGAGTGAATGGAGCCACCCAATCCACTGGGGAAGCAATACGTCAAAAG	-0.0287800663465048	1	0.329533197254568
ACA	T	S	Mis	NA	789	251	GAACAATCAGTGGATTATAGACATAAGTTCTCCTTGCCTAGTGTGGATGGACAGAAACGCTACACGTTTCGTGTTCGGAGCCGCTTTAACCCACTCTGTGGAAGTGCTCAGCATTGGAGTGAATGGAGCCACCCAATCCACTGGGGAAGCAATACTACAAAAG	-1.25918878382849	0.670562889055334	-0.900875520227417
CCA	P	S	Mis	NA	789	251	GAACAATCAGTGGATTATAGACATAAGTTCTCCTTGCCTAGTGTGGATGGACAGAAACGCTACACGTTTCGTGTTCGGAGCCGCTTTAACCCACTCTGTGGAAGTGCTCAGCATTGGAGTGAATGGAGCCACCCAATCCACTGGGGAAGCAATACTCCAAAAG	-13.8871089426924	0.00444506925949747	-13.5287956790913
GCA	A	S	Mis	NA	789	251	GAACAATCAGTGGATTATAGACATAAGTTCTCCTTGCCTAGTGTGGATGGACAGAAACGCTACACGTTTCGTGTTCGGAGCCGCTTTAACCCACTCTGTGGAAGTGCTCAGCATTGGAGTGAATGGAGCCACCCAATCCACTGGGGAAGCAATACTGCAAAAG	0.132593790119889	0.966241592496335	0.490907053720962
TAA	*	S	Non	NA	790	251	GAACAATCAGTGGATTATAGACATAAGTTCTCCTTGCCTAGTGTGGATGGACAGAAACGCTACACGTTTCGTGTTCGGAGCCGCTTTAACCCACTCTGTGGAAGTGCTCAGCATTGGAGTGAATGGAGCCACCCAATCCACTGGGGAAGCAATACTTAAAAAG	-14.2800387902064	0.00260623562780619	-13.9217255266053
TGA	*	S	Non	NA	790	251	GAACAATCAGTGGATTATAGACATAAGTTCTCCTTGCCTAGTGTGGATGGACAGAAACGCTACACGTTTCGTGTTCGGAGCCGCTTTAACCCACTCTGTGGAAGTGCTCAGCATTGGAGTGAATGGAGCCACCCAATCCACTGGGGAAGCAATACTTGAAAAG	-13.6765623648966	0.00634069234342577	-13.3182491012955
TTA	L	S	Mis	NA	790	251	GAACAATCAGTGGATTATAGACATAAGTTCTCCTTGCCTAGTGTGGATGGACAGAAACGCTACACGTTTCGTGTTCGGAGCCGCTTTAACCCACTCTGTGGAAGTGCTCAGCATTGGAGTGAATGGAGCCACCCAATCCACTGGGGAAGCAATACTTTAAAAG	-12.4980393276171	0.045210350967447	-12.139726064016
TCC	S	S	Syn	NA	791	251	GAACAATCAGTGGATTATAGACATAAGTTCTCCTTGCCTAGTGTGGATGGACAGAAACGCTACACGTTTCGTGTTCGGAGCCGCTTTAACCCACTCTGTGGAAGTGCTCAGCATTGGAGTGAATGGAGCCACCCAATCCACTGGGGAAGCAATACTTCCAAAG	-13.7127105676962	0.00540007686239683	-13.3543973040951
TCG	S	S	Syn	NA	791	251	GAACAATCAGTGGATTATAGACATAAGTTCTCCTTGCCTAGTGTGGATGGACAGAAACGCTACACGTTTCGTGTTCGGAGCCGCTTTAACCCACTCTGTGGAAGTGCTCAGCATTGGAGTGAATGGAGCCACCCAATCCACTGGGGAAGCAATACTTCGAAAG	-8.51268622233087	1	-8.1543729587298
TCT	S	S	Syn	NA	791	251	GAACAATCAGTGGATTATAGACATAAGTTCTCCTTGCCTAGTGTGGATGGACAGAAACGCTACACGTTTCGTGTTCGGAGCCGCTTTAACCCACTCTGTGGAAGTGCTCAGCATTGGAGTGAATGGAGCCACCCAATCCACTGGGGAAGCAATACTTCTAAAG	-1.50297746415922	0.563420344901075	-1.14466420055815
CAA	Q	K	Mis	NA	792	252	GAACAATCAGTGGATTATAGACATAAGTTCTCCTTGCCTAGTGTGGATGGACAGAAACGCTACACGTTTCGTGTTCGGAGCCGCTTTAACCCACTCTGTGGAAGTGCTCAGCATTGGAGTGAATGGAGCCACCCAATCCACTGGGGAAGCAATACTTCACAAG	0.0621433582120651	0.989093572856611	0.420456621813138
GAA	E	K	Mis	Benign	792	252	GAACAATCAGTGGATTATAGACATAAGTTCTCCTTGCCTAGTGTGGATGGACAGAAACGCTACACGTTTCGTGTTCGGAGCCGCTTTAACCCACTCTGTGGAAGTGCTCAGCATTGGAGTGAATGGAGCCACCCAATCCACTGGGGAAGCAATACTTCAGAAG	0.672648864145291	0.634961541057974	1.03096212774636
TAA	*	K	Non	NA	792	252	GAACAATCAGTGGATTATAGACATAAGTTCTCCTTGCCTAGTGTGGATGGACAGAAACGCTACACGTTTCGTGTTCGGAGCCGCTTTAACCCACTCTGTGGAAGTGCTCAGCATTGGAGTGAATGGAGCCACCCAATCCACTGGGGAAGCAATACTTCATAAG	-14.3319229700406	0.00260623562780619	-13.9736097064395
ACA	T	K	Mis	NA	793	252	GAACAATCAGTGGATTATAGACATAAGTTCTCCTTGCCTAGTGTGGATGGACAGAAACGCTACACGTTTCGTGTTCGGAGCCGCTTTAACCCACTCTGTGGAAGTGCTCAGCATTGGAGTGAATGGAGCCACCCAATCCACTGGGGAAGCAATACTTCAACAG	-0.065332901094597	1	0.292980362506476
AGA	R	K	Mis	NA	793	252	GAACAATCAGTGGATTATAGACATAAGTTCTCCTTGCCTAGTGTGGATGGACAGAAACGCTACACGTTTCGTGTTCGGAGCCGCTTTAACCCACTCTGTGGAAGTGCTCAGCATTGGAGTGAATGGAGCCACCCAATCCACTGGGGAAGCAATACTTCAAGAG	2.21252273391524	0.00535187490513689	2.57083599751631
ATA	I	K	Mis	NA	793	252	GAACAATCAGTGGATTATAGACATAAGTTCTCCTTGCCTAGTGTGGATGGACAGAAACGCTACACGTTTCGTGTTCGGAGCCGCTTTAACCCACTCTGTGGAAGTGCTCAGCATTGGAGTGAATGGAGCCACCCAATCCACTGGGGAAGCAATACTTCAATAG	0.205575740744306	0.960172564913837	0.563889004345379
AAC	N	K	Mis	NA	794	252	GAACAATCAGTGGATTATAGACATAAGTTCTCCTTGCCTAGTGTGGATGGACAGAAACGCTACACGTTTCGTGTTCGGAGCCGCTTTAACCCACTCTGTGGAAGTGCTCAGCATTGGAGTGAATGGAGCCACCCAATCCACTGGGGAAGCAATACTTCAAACG	-13.9328739245911	0.00434494173060408	-13.57456066099
AAG	K	K	Syn	NA	794	252	GAACAATCAGTGGATTATAGACATAAGTTCTCCTTGCCTAGTGTGGATGGACAGAAACGCTACACGTTTCGTGTTCGGAGCCGCTTTAACCCACTCTGTGGAAGTGCTCAGCATTGGAGTGAATGGAGCCACCCAATCCACTGGGGAAGCAATACTTCAAAGG	-0.339911351295595	0.991969642816347	0.018401912305478
AAT	N	K	Mis	NA	794	252	GAACAATCAGTGGATTATAGACATAAGTTCTCCTTGCCTAGTGTGGATGGACAGAAACGCTACACGTTTCGTGTTCGGAGCCGCTTTAACCCACTCTGTGGAAGTGCTCAGCATTGGAGTGAATGGAGCCACCCAATCCACTGGGGAAGCAATACTTCAAATG	0.354059794415092	0.867630720814828	0.712373058016165
NA	NA	NA	NA	NA	NA	NA	NA	NA	NA	NA
NA	NA	NA	NA	ClinVar	NA	NA	NA	NA	NA	NA
NA	NA	NA	Number	45	NA	NA	NA	NA	NA	NA
NA	NA	NA	Avg LFC	NA	NA	NA	NA	NA	NA	NA
NA	NA	NA	Stdev LFC	NA	NA	NA	NA	NA	NA	NA
NA	NA	NA	NA	NA	NA	NA	NA	NA	NA	NA
NA	NA	NA	Total Avg	NA	NA	NA	NA	NA	NA	NA
NA	NA	NA	Total Stdev	NA	NA	NA	NA	NA	NA	NA
NA	NA	NA	NA	NA	NA	NA	NA	NA	NA	NA
NA	NA	NA	Hi	NA	NA	NA	NA	NA	NA	NA
NA	NA	NA	Lo	NA	NA	NA	NA	NA	NA	NA
NA	NA	NA	NA	NA	NA	NA	NA	NA	NA	NA
NA	NA	NA	NA	NA	NA	NA	NA	NA	NA	NA
NA	NA	NA	# missense < avg nonsense+1std	NA	NA	NA	NA	NA	NA	NA
